      3.30103
      3.34242
      3.39794
      3.44716
      3.47712
      3.50515
      3.52504
      3.54407
      3.57403
      3.60206
      3.62839
      3.65321
      3.67669
      3.69897
      3.72016
      3.74036
      3.75967
      3.77815
      3.79588
      3.81291
      3.82930
      3.84510
      3.86034
      3.87506
      3.88930
      3.90309
      3.91645
      3.92942
      3.94201
      3.95424
      3.96614
      3.97772
      3.98900
      4.00000
      4.02119
      4.04139
      4.06070
      4.07918
      4.09691
      4.11394
      4.14613
      4.17609
      4.20412
      4.23045
      4.25527
      4.27875
      4.30103
      4.32222
      4.34242
      4.36173
      4.38021
      4.39794
      4.41497
      4.43136
      4.44716
      4.46240
      4.47712
      4.49136
      4.50515
      4.51851
      4.53148
      4.54407
      4.57403
      4.60206
      4.62839
      4.65321
      4.67669
      4.69897
