     91.0 0.00000E+00 0.00000E+00 0.00000E+00 0.00000E+00 0.00000E+00
     94.0 0.00000E+00 0.00000E+00 0.00000E+00 0.00000E+00 0.00000E+00
     96.0 0.00000E+00 0.00000E+00 0.00000E+00 0.00000E+00 0.00000E+00
     98.0 0.00000E+00 0.00000E+00 0.00000E+00 0.00000E+00 0.00000E+00
    100.0 0.00000E+00 0.00000E+00 0.00000E+00 0.00000E+00 0.00000E+00
    102.0 0.00000E+00 0.00000E+00 0.00000E+00 0.00000E+00 0.00000E+00
    104.0 0.00000E+00 0.00000E+00 0.00000E+00 0.00000E+00 0.00000E+00
    106.0 0.00000E+00 0.00000E+00 0.00000E+00 0.00000E+00 0.00000E+00
    108.0 0.00000E+00 0.00000E+00 0.00000E+00 0.00000E+00 0.00000E+00
    110.0 0.00000E+00 0.00000E+00 0.00000E+00 0.00000E+00 0.00000E+00
    114.0 0.00000E+00 0.00000E+00 0.00000E+00 0.00000E+00 0.00000E+00
    118.0 0.00000E+00 0.00000E+00 0.00000E+00 0.00000E+00 0.00000E+00
    121.0 0.00000E+00 0.00000E+00 0.00000E+00 0.00000E+00 0.00000E+00
    125.0 0.00000E+00 0.00000E+00 0.00000E+00 0.00000E+00 0.00000E+00
    127.0 0.00000E+00 0.00000E+00 0.00000E+00 0.00000E+00 0.00000E+00
    128.0 0.00000E+00 0.00000E+00 0.00000E+00 0.00000E+00 0.00000E+00
    131.0 0.00000E+00 0.00000E+00 0.00000E+00 0.00000E+00 0.00000E+00
    132.0 0.00000E+00 0.00000E+00 0.00000E+00 0.00000E+00 0.00000E+00
    134.0 0.00000E+00 0.00000E+00 0.00000E+00 0.00000E+00 0.00000E+00
    137.0 0.00000E+00 0.00000E+00 0.00000E+00 0.00000E+00 0.00000E+00
    140.0 0.00000E+00 0.00000E+00 0.00000E+00 0.00000E+00 0.00000E+00
    143.0 0.00000E+00 0.00000E+00 0.00000E+00 0.00000E+00 0.00000E+00
    147.0 0.00000E+00 0.00000E+00 0.00000E+00 0.00000E+00 0.00000E+00
    151.0 0.00000E+00 0.00000E+00 0.00000E+00 0.00000E+00 0.00000E+00
    155.0 0.00000E+00 0.00000E+00 0.00000E+00 0.00000E+00 0.00000E+00
    159.0 0.00000E+00 0.00000E+00 0.00000E+00 0.00000E+00 0.00000E+00
    162.0 0.00000E+00 0.00000E+00 0.00000E+00 0.00000E+00 0.00000E+00
    166.0 0.00000E+00 0.00000E+00 0.00000E+00 0.00000E+00 0.00000E+00
    170.0 0.00000E+00 0.00000E+00 0.00000E+00 0.00000E+00 0.00000E+00
    173.0 0.00000E+00 0.00000E+00 0.00000E+00 0.00000E+00 0.00000E+00
    177.0 0.00000E+00 0.00000E+00 0.00000E+00 0.00000E+00 0.00000E+00
    180.0 0.00000E+00 0.00000E+00 0.00000E+00 0.00000E+00 0.00000E+00
    182.0 0.00000E+00 0.00000E+00 0.00000E+00 0.00000E+00 0.00000E+00
    186.0 0.00000E+00 0.00000E+00 0.00000E+00 0.00000E+00 0.00000E+00
    191.0 0.00000E+00 0.00000E+00 0.00000E+00 0.00000E+00 0.00000E+00
    194.0 0.00000E+00 0.00000E+00 0.00000E+00 0.00000E+00 0.00000E+00
    198.0 0.00000E+00 0.00000E+00 0.00000E+00 0.00000E+00 0.00000E+00
    202.0 0.00000E+00 0.00000E+00 0.00000E+00 0.00000E+00 0.00000E+00
    205.0 0.00000E+00 0.00000E+00 0.00000E+00 0.00000E+00 0.00000E+00
    210.0 0.00000E+00 0.00000E+00 0.00000E+00 0.00000E+00 0.00000E+00
    216.0 0.00000E+00 0.00000E+00 0.00000E+00 0.00000E+00 0.00000E+00
    220.0 0.00000E+00 0.00000E+00 0.00000E+00 0.00000E+00 0.00000E+00
    223.0 0.00000E+00 0.00000E+00 0.00000E+00 0.00000E+00 0.00000E+00
    227.0 0.00000E+00 0.00000E+00 0.00000E+00 0.00000E+00 0.00000E+00
    230.0 0.00000E+00 0.00000E+00 0.00000E+00 0.00000E+00 0.00000E+00
    234.0 0.00000E+00 0.00000E+00 0.00000E+00 0.00000E+00 0.00000E+00
    240.0 0.00000E+00 0.00000E+00 0.00000E+00 0.00000E+00 0.00000E+00
    246.0 0.00000E+00 0.00000E+00 0.00000E+00 0.00000E+00 0.00000E+00
    252.0 0.00000E+00 0.00000E+00 0.00000E+00 0.00000E+00 0.00000E+00
    257.0 0.00000E+00 0.00000E+00 0.00000E+00 0.00000E+00 0.00000E+00
    260.0 0.00000E+00 0.00000E+00 0.00000E+00 0.00000E+00 0.00000E+00
    264.0 0.00000E+00 0.00000E+00 0.00000E+00 0.00000E+00 0.00000E+00
    269.0 0.00000E+00 0.00000E+00 0.00000E+00 0.00000E+00 0.00000E+00
    274.0 0.00000E+00 0.00000E+00 0.00000E+00 0.00000E+00 0.00000E+00
    279.0 0.00000E+00 0.00000E+00 0.00000E+00 0.00000E+00 0.00000E+00
    284.0 0.00000E+00 0.00000E+00 0.00000E+00 0.00000E+00 0.00000E+00
    290.0 0.00000E+00 0.00000E+00 0.00000E+00 0.00000E+00 0.00000E+00
    296.0 0.00000E+00 0.00000E+00 0.00000E+00 0.00000E+00 0.00000E+00
    301.0 0.00000E+00 0.00000E+00 0.00000E+00 0.00000E+00 0.00000E+00
    308.0 0.00000E+00 0.00000E+00 0.00000E+00 0.00000E+00 0.00000E+00
    318.0 0.00000E+00 0.00000E+00 0.00000E+00 0.00000E+00 0.00000E+00
    328.0 0.00000E+00 0.00000E+00 0.00000E+00 0.00000E+00 0.00000E+00
    338.0 0.00000E+00 0.00000E+00 0.00000E+00 0.00000E+00 0.00000E+00
    348.0 0.00000E+00 0.00000E+00 0.00000E+00 0.00000E+00 0.00000E+00
    357.0 0.00000E+00 0.00000E+00 0.00000E+00 0.00000E+00 0.00000E+00
    366.0 0.00000E+00 0.00000E+00 0.00000E+00 0.00000E+00 0.00000E+00
    375.0 0.00000E+00 0.00000E+00 0.00000E+00 0.00000E+00 0.00000E+00
    385.0 0.00000E+00 0.00000E+00 0.00000E+00 0.00000E+00 0.00000E+00
    395.0 0.00000E+00 0.00000E+00 0.00000E+00 0.00000E+00 0.00000E+00
    405.0 0.00000E+00 0.00000E+00 0.00000E+00 0.00000E+00 0.00000E+00
    414.0 0.00000E+00 0.00000E+00 0.00000E+00 0.00000E+00 0.00000E+00
    422.0 0.00000E+00 0.00000E+00 0.00000E+00 0.00000E+00 0.00000E+00
    430.0 0.00000E+00 0.00000E+00 0.00000E+00 0.00000E+00 0.00000E+00
    441.0 0.00000E+00 0.00000E+00 0.00000E+00 0.00000E+00 0.00000E+00
    451.0 0.00000E+00 0.00000E+00 0.00000E+00 0.00000E+00 0.00000E+00
    460.0 0.00000E+00 0.00000E+00 0.00000E+00 0.00000E+00 0.00000E+00
    470.0 0.00000E+00 0.00000E+00 0.00000E+00 0.00000E+00 0.00000E+00
    480.0 0.00000E+00 0.00000E+00 0.00000E+00 0.00000E+00 0.00000E+00
    490.0 0.00000E+00 0.00000E+00 0.00000E+00 0.00000E+00 0.00000E+00
    500.0 0.00000E+00 0.00000E+00 0.00000E+00 0.00000E+00 0.00000E+00
    506.0 0.00000E+00 0.00000E+00 0.00000E+00 0.00000E+00 0.00000E+00
    512.0 0.00000E+00 0.00000E+00 0.00000E+00 0.00000E+00 0.00000E+00
    520.0 0.00000E+00 0.00000E+00 0.00000E+00 0.00000E+00 0.00000E+00
    530.0 0.00000E+00 0.00000E+00 0.00000E+00 0.00000E+00 0.00000E+00
    540.0 0.00000E+00 0.00000E+00 0.00000E+00 0.00000E+00 0.00000E+00
    550.0 0.00000E+00 0.00000E+00 0.00000E+00 0.00000E+00 0.00000E+00
    560.0 0.00000E+00 0.00000E+00 0.00000E+00 0.00000E+00 0.00000E+00
    570.0 0.00000E+00 0.00000E+00 0.00000E+00 0.00000E+00 0.00000E+00
    580.0 0.00000E+00 0.00000E+00 0.00000E+00 0.00000E+00 0.00000E+00
    590.0 0.00000E+00 0.00000E+00 0.00000E+00 0.00000E+00 0.00000E+00
    600.0 0.00000E+00 0.00000E+00 0.00000E+00 0.00000E+00 0.00000E+00
    610.0 0.00000E+00 0.00000E+00 0.00000E+00 0.00000E+00 0.00000E+00
    620.0 0.00000E+00 0.00000E+00 0.00000E+00 0.00000E+00 0.00000E+00
    630.0 0.00000E+00 0.00000E+00 0.00000E+00 0.00000E+00 0.00000E+00
    640.0 0.00000E+00 0.00000E+00 0.00000E+00 0.00000E+00 0.00000E+00
    650.0 0.00000E+00 0.00000E+00 0.00000E+00 0.00000E+00 0.00000E+00
    658.0 0.00000E+00 0.00000E+00 0.00000E+00 0.00000E+00 0.00000E+00
    665.0 0.00000E+00 0.00000E+00 0.00000E+00 0.00000E+00 0.00000E+00
    675.0 0.00000E+00 0.00000E+00 0.00000E+00 0.00000E+00 0.00000E+00
    685.0 0.00000E+00 0.00000E+00 0.00000E+00 0.00000E+00 0.00000E+00
    695.0 0.00000E+00 0.00000E+00 0.00000E+00 0.00000E+00 0.00000E+00
    705.0 0.00000E+00 0.00000E+00 0.00000E+00 0.00000E+00 0.00000E+00
    716.0 0.00000E+00 0.00000E+00 0.00000E+00 0.00000E+00 0.00000E+00
    726.0 0.00000E+00 0.00000E+00 0.00000E+00 0.00000E+00 0.00000E+00
    735.0 0.00000E+00 0.00000E+00 0.00000E+00 0.00000E+00 0.00000E+00
    745.0 0.00000E+00 0.00000E+00 0.00000E+00 0.00000E+00 0.00000E+00
    755.0 0.00000E+00 0.00000E+00 0.00000E+00 0.00000E+00 0.00000E+00
    765.0 0.00000E+00 0.00000E+00 0.00000E+00 0.00000E+00 0.00000E+00
    775.0 0.00000E+00 0.00000E+00 0.00000E+00 0.00000E+00 0.00000E+00
    785.0 0.00000E+00 0.00000E+00 0.00000E+00 0.00000E+00 0.00000E+00
    795.0 0.00000E+00 0.00000E+00 0.00000E+00 0.00000E+00 0.00000E+00
    805.0 0.00000E+00 0.00000E+00 0.00000E+00 0.00000E+00 0.00000E+00
    815.0 0.00000E+00 0.00000E+00 0.00000E+00 0.00000E+00 0.00000E+00
    825.0 0.00000E+00 0.00000E+00 0.00000E+00 0.00000E+00 0.00000E+00
    835.0 0.00000E+00 0.00000E+00 0.00000E+00 0.00000E+00 0.00000E+00
    845.0 0.00000E+00 0.00000E+00 0.00000E+00 0.00000E+00 0.00000E+00
    855.0 0.00000E+00 0.00000E+00 0.00000E+00 0.00000E+00 0.00000E+00
    865.0 0.00000E+00 0.00000E+00 0.00000E+00 0.00000E+00 0.00000E+00
    875.0 0.00000E+00 0.00000E+00 0.00000E+00 0.00000E+00 0.00000E+00
    885.0 0.00000E+00 0.00000E+00 0.00000E+00 0.00000E+00 0.00000E+00
    895.0 0.00000E+00 0.00000E+00 0.00000E+00 0.00000E+00 0.00000E+00
    905.0 0.00000E+00 0.00000E+00 0.00000E+00 0.00000E+00 0.00000E+00
    915.0 0.00000E+00 0.00000E+00 0.00000E+00 0.00000E+00 0.00000E+00
    925.0 0.00000E+00 0.00000E+00 0.00000E+00 0.00000E+00 0.00000E+00
    935.0 0.00000E+00 0.00000E+00 0.00000E+00 0.00000E+00 0.00000E+00
    945.0 0.00000E+00 0.00000E+00 0.00000E+00 0.00000E+00 0.00000E+00
    955.0 0.00000E+00 0.00000E+00 0.00000E+00 0.00000E+00 0.00000E+00
    965.0 0.00000E+00 0.00000E+00 0.00000E+00 0.00000E+00 0.00000E+00
    975.0 0.00000E+00 0.00000E+00 0.00000E+00 0.00000E+00 0.00000E+00
    985.0 0.00000E+00 0.00000E+00 0.00000E+00 0.00000E+00 0.00000E+00
    995.0 0.00000E+00 0.00000E+00 0.00000E+00 0.00000E+00 0.00000E+00
   1005.0 0.00000E+00 0.00000E+00 0.00000E+00 0.00000E+00 0.00000E+00
   1015.0 0.00000E+00 0.00000E+00 0.00000E+00 0.00000E+00 0.00000E+00
   1025.0 0.00000E+00 0.00000E+00 0.00000E+00 0.00000E+00 0.00000E+00
   1035.0 0.00000E+00 0.00000E+00 0.00000E+00 0.00000E+00 0.00000E+00
   1045.0 0.00000E+00 0.00000E+00 0.00000E+00 0.00000E+00 0.00000E+00
   1055.0 0.00000E+00 0.00000E+00 0.00000E+00 0.00000E+00 0.00000E+00
   1065.0 0.00000E+00 0.00000E+00 0.00000E+00 0.00000E+00 0.00000E+00
   1075.0 0.00000E+00 0.00000E+00 0.00000E+00 0.00000E+00 0.00000E+00
   1085.0 0.00000E+00 0.00000E+00 0.00000E+00 0.00000E+00 0.00000E+00
   1095.0 0.00000E+00 0.00000E+00 0.00000E+00 0.00000E+00 0.00000E+00
   1105.0 0.00000E+00 0.00000E+00 0.00000E+00 0.00000E+00 0.00000E+00
   1115.0 0.00000E+00 0.00000E+00 0.00000E+00 0.00000E+00 0.00000E+00
   1125.0 0.00000E+00 0.00000E+00 0.00000E+00 0.00000E+00 0.00000E+00
   1135.0 0.00000E+00 0.00000E+00 0.00000E+00 0.00000E+00 0.00000E+00
   1145.0 0.00000E+00 0.00000E+00 0.00000E+00 0.00000E+00 0.00000E+00
   1155.0 0.00000E+00 0.00000E+00 0.00000E+00 0.00000E+00 0.00000E+00
   1165.0 0.00000E+00 0.00000E+00 0.00000E+00 0.00000E+00 0.00000E+00
   1175.0 0.00000E+00 0.00000E+00 0.00000E+00 0.00000E+00 0.00000E+00
   1185.0 0.00000E+00 0.00000E+00 0.00000E+00 0.00000E+00 0.00000E+00
   1195.0 0.00000E+00 0.00000E+00 0.00000E+00 0.00000E+00 0.00000E+00
   1205.0 0.00000E+00 0.00000E+00 0.00000E+00 0.00000E+00 0.00000E+00
   1215.0 0.00000E+00 0.00000E+00 0.00000E+00 0.00000E+00 0.00000E+00
   1225.0 0.00000E+00 0.00000E+00 0.00000E+00 0.00000E+00 0.00000E+00
   1235.0 0.00000E+00 0.00000E+00 0.00000E+00 0.00000E+00 0.00000E+00
   1245.0 0.00000E+00 0.00000E+00 0.00000E+00 0.00000E+00 0.00000E+00
   1255.0 0.00000E+00 0.00000E+00 0.00000E+00 0.00000E+00 0.00000E+00
   1265.0 0.00000E+00 0.00000E+00 0.00000E+00 0.00000E+00 0.00000E+00
   1275.0 0.00000E+00 0.00000E+00 0.00000E+00 0.00000E+00 0.00000E+00
   1285.0 0.00000E+00 0.00000E+00 0.00000E+00 0.00000E+00 0.00000E+00
   1295.0 0.00000E+00 0.00000E+00 0.00000E+00 0.00000E+00 0.00000E+00
   1305.0 0.00000E+00 0.00000E+00 0.00000E+00 0.00000E+00 0.00000E+00
   1315.0 0.00000E+00 0.00000E+00 0.00000E+00 0.00000E+00 0.00000E+00
   1325.0 0.00000E+00 0.00000E+00 0.00000E+00 0.00000E+00 0.00000E+00
   1335.0 0.00000E+00 0.00000E+00 0.00000E+00 0.00000E+00 0.00000E+00
   1345.0 0.00000E+00 0.00000E+00 0.00000E+00 0.00000E+00 0.00000E+00
   1355.0 0.00000E+00 0.00000E+00 0.00000E+00 0.00000E+00 0.00000E+00
   1365.0 0.00000E+00 0.00000E+00 0.00000E+00 0.00000E+00 0.00000E+00
   1375.0 0.00000E+00 0.00000E+00 0.00000E+00 0.00000E+00 0.00000E+00
   1385.0 0.00000E+00 0.00000E+00 0.00000E+00 0.00000E+00 0.00000E+00
   1395.0 0.00000E+00 0.00000E+00 0.00000E+00 0.00000E+00 0.00000E+00
   1405.0 0.00000E+00 0.00000E+00 0.00000E+00 0.00000E+00 0.00000E+00
   1415.0 0.00000E+00 0.00000E+00 0.00000E+00 0.00000E+00 0.00000E+00
   1425.0 0.00000E+00 0.00000E+00 0.00000E+00 0.00000E+00 0.00000E+00
   1435.0 0.00000E+00 0.00000E+00 0.00000E+00 0.00000E+00 0.00000E+00
   1442.0 0.00000E+00 0.00000E+00 0.00000E+00 0.00000E+00 0.00000E+00
   1447.0 0.00000E+00 0.00000E+00 0.00000E+00 0.00000E+00 0.00000E+00
   1455.0 0.00000E+00 0.00000E+00 0.00000E+00 0.00000E+00 0.00000E+00
   1465.0 0.00000E+00 0.00000E+00 0.00000E+00 0.00000E+00 0.00000E+00
   1475.0 0.00000E+00 0.00000E+00 0.00000E+00 0.00000E+00 0.00000E+00
   1485.0 0.00000E+00 0.00000E+00 0.00000E+00 0.00000E+00 0.00000E+00
   1495.0 0.00000E+00 0.00000E+00 0.00000E+00 0.00000E+00 0.00000E+00
   1505.0 0.00000E+00 0.00000E+00 0.00000E+00 0.00000E+00 0.00000E+00
   1512.0 0.00000E+00 0.00000E+00 0.00000E+00 0.00000E+00 0.00000E+00
   1517.0 0.00000E+00 0.00000E+00 0.00000E+00 0.00000E+00 0.00000E+00
   1525.0 0.00000E+00 0.00000E+00 0.00000E+00 0.00000E+00 0.00000E+00
   1535.0 0.00000E+00 0.00000E+00 0.00000E+00 0.00000E+00 0.00000E+00
   1545.0 0.00000E+00 0.00000E+00 0.00000E+00 0.00000E+00 0.00000E+00
   1555.0 0.00000E+00 0.00000E+00 0.00000E+00 0.00000E+00 0.00000E+00
   1565.0 0.00000E+00 0.00000E+00 0.00000E+00 0.00000E+00 0.00000E+00
   1575.0 0.00000E+00 0.00000E+00 0.00000E+00 0.00000E+00 0.00000E+00
   1585.0 0.00000E+00 0.00000E+00 0.00000E+00 0.00000E+00 0.00000E+00
   1595.0 0.00000E+00 0.00000E+00 0.00000E+00 0.00000E+00 0.00000E+00
   1605.0 0.00000E+00 0.00000E+00 0.00000E+00 0.00000E+00 0.00000E+00
   1615.0 0.00000E+00 0.00000E+00 0.00000E+00 0.00000E+00 0.00000E+00
   1625.0 0.00000E+00 0.00000E+00 0.00000E+00 0.00000E+00 0.00000E+00
   1635.0 0.00000E+00 0.00000E+00 0.00000E+00 0.00000E+00 0.00000E+00
   1645.0 0.00000E+00 0.00000E+00 0.00000E+00 0.00000E+00 0.00000E+00
   1655.0 0.00000E+00 0.00000E+00 0.00000E+00 0.00000E+00 0.00000E+00
   1665.0 0.00000E+00 0.00000E+00 0.00000E+00 0.00000E+00 0.00000E+00
   1672.0 0.00000E+00 0.00000E+00 0.00000E+00 0.00000E+00 0.00000E+00
   1677.0 0.00000E+00 0.00000E+00 0.00000E+00 0.00000E+00 0.00000E+00
   1685.0 0.00000E+00 0.00000E+00 0.00000E+00 0.00000E+00 0.00000E+00
   1695.0 0.00000E+00 0.00000E+00 0.00000E+00 0.00000E+00 0.00000E+00
   1705.0 0.00000E+00 0.00000E+00 0.00000E+00 0.00000E+00 0.00000E+00
   1715.0 0.00000E+00 0.00000E+00 0.00000E+00 0.00000E+00 0.00000E+00
   1725.0 0.00000E+00 0.00000E+00 0.00000E+00 0.00000E+00 0.00000E+00
   1735.0 0.00000E+00 0.00000E+00 0.00000E+00 0.00000E+00 0.00000E+00
   1745.0 0.00000E+00 0.00000E+00 0.00000E+00 0.00000E+00 0.00000E+00
   1755.0 0.00000E+00 0.00000E+00 0.00000E+00 0.00000E+00 0.00000E+00
   1765.0 0.00000E+00 0.00000E+00 0.00000E+00 0.00000E+00 0.00000E+00
   1775.0 0.00000E+00 0.00000E+00 0.00000E+00 0.00000E+00 0.00000E+00
   1785.0 0.00000E+00 0.00000E+00 0.00000E+00 0.00000E+00 0.00000E+00
   1795.0 0.00000E+00 0.00000E+00 0.00000E+00 0.00000E+00 0.00000E+00
   1805.0 0.00000E+00 0.00000E+00 0.00000E+00 0.00000E+00 0.00000E+00
   1815.0 0.00000E+00 0.00000E+00 0.00000E+00 0.00000E+00 0.00000E+00
   1825.0 0.00000E+00 0.00000E+00 0.00000E+00 0.00000E+00 0.00000E+00
   1835.0 0.00000E+00 0.00000E+00 0.00000E+00 0.00000E+00 0.00000E+00
   1845.0 0.00000E+00 0.00000E+00 0.00000E+00 0.00000E+00 0.00000E+00
   1855.0 0.00000E+00 0.00000E+00 0.00000E+00 0.00000E+00 0.00000E+00
   1865.0 0.00000E+00 0.00000E+00 0.00000E+00 0.00000E+00 0.00000E+00
   1875.0 0.00000E+00 0.00000E+00 0.00000E+00 0.00000E+00 0.00000E+00
   1885.0 0.00000E+00 0.00000E+00 0.00000E+00 0.00000E+00 0.00000E+00
   1895.0 0.00000E+00 0.00000E+00 0.00000E+00 0.00000E+00 0.00000E+00
   1905.0 0.00000E+00 0.00000E+00 0.00000E+00 0.00000E+00 0.00000E+00
   1915.0 0.00000E+00 0.00000E+00 0.00000E+00 0.00000E+00 0.00000E+00
   1925.0 0.00000E+00 0.00000E+00 0.00000E+00 0.00000E+00 0.00000E+00
   1935.0 0.00000E+00 0.00000E+00 0.00000E+00 0.00000E+00 0.00000E+00
   1945.0 0.00000E+00 0.00000E+00 0.00000E+00 0.00000E+00 0.00000E+00
   1955.0 0.00000E+00 0.00000E+00 0.00000E+00 0.00000E+00 0.00000E+00
   1967.0 0.00000E+00 0.00000E+00 0.00000E+00 0.00000E+00 0.00000E+00
   1976.0 0.00000E+00 0.00000E+00 0.00000E+00 0.00000E+00 0.00000E+00
   1984.0 0.00000E+00 0.00000E+00 0.00000E+00 0.00000E+00 0.00000E+00
   1995.0 0.00000E+00 0.00000E+00 0.00000E+00 0.00000E+00 0.00000E+00
   2005.0 0.00000E+00 0.00000E+00 0.00000E+00 0.00000E+00 0.00000E+00
   2015.0 0.00000E+00 0.00000E+00 0.00000E+00 0.00000E+00 0.00000E+00
   2025.0 0.00000E+00 0.00000E+00 0.00000E+00 0.00000E+00 0.00000E+00
   2035.0 0.00000E+00 0.00000E+00 0.00000E+00 0.00000E+00 0.00000E+00
   2045.0 0.00000E+00 0.00000E+00 0.00000E+00 0.00000E+00 0.00000E+00
   2055.0 0.00000E+00 0.00000E+00 0.00000E+00 0.00000E+00 0.00000E+00
   2065.0 0.00000E+00 0.00000E+00 0.00000E+00 0.00000E+00 0.00000E+00
   2074.0 0.00000E+00 0.00000E+00 0.00000E+00 0.00000E+00 0.00000E+00
   2078.0 0.00000E+00 0.00000E+00 0.00000E+00 0.00000E+00 0.00000E+00
   2085.0 0.00000E+00 0.00000E+00 0.00000E+00 0.00000E+00 0.00000E+00
   2095.0 0.00000E+00 0.00000E+00 0.00000E+00 0.00000E+00 0.00000E+00
   2105.0 0.00000E+00 0.00000E+00 0.00000E+00 0.00000E+00 0.00000E+00
   2115.0 0.00000E+00 0.00000E+00 0.00000E+00 0.00000E+00 0.00000E+00
   2125.0 0.00000E+00 0.00000E+00 0.00000E+00 0.00000E+00 0.00000E+00
   2135.0 0.00000E+00 0.00000E+00 0.00000E+00 0.00000E+00 0.00000E+00
   2145.0 0.00000E+00 0.00000E+00 0.00000E+00 0.00000E+00 0.00000E+00
   2155.0 0.00000E+00 0.00000E+00 0.00000E+00 0.00000E+00 0.00000E+00
   2165.0 0.00000E+00 0.00000E+00 0.00000E+00 0.00000E+00 0.00000E+00
   2175.0 0.00000E+00 0.00000E+00 0.00000E+00 0.00000E+00 0.00000E+00
   2185.0 0.00000E+00 0.00000E+00 0.00000E+00 0.00000E+00 0.00000E+00
   2195.0 0.00000E+00 0.00000E+00 0.00000E+00 0.00000E+00 0.00000E+00
   2205.0 0.00000E+00 0.00000E+00 0.00000E+00 0.00000E+00 0.00000E+00
   2215.0 0.00000E+00 0.00000E+00 0.00000E+00 0.00000E+00 0.00000E+00
   2225.0 0.00000E+00 0.00000E+00 0.00000E+00 0.00000E+00 0.00000E+00
   2235.0 0.00000E+00 0.00000E+00 0.00000E+00 0.00000E+00 0.00000E+00
   2245.0 0.00000E+00 0.00000E+00 0.00000E+00 0.00000E+00 0.00000E+00
   2255.0 0.00000E+00 0.00000E+00 0.00000E+00 0.00000E+00 0.00000E+00
   2265.0 0.00000E+00 0.00000E+00 0.00000E+00 0.00000E+00 0.00000E+00
   2275.0 0.00000E+00 0.00000E+00 0.00000E+00 0.00000E+00 0.00000E+00
   2285.0 0.00000E+00 0.00000E+00 0.00000E+00 0.00000E+00 0.00000E+00
   2295.0 0.00000E+00 0.00000E+00 0.00000E+00 0.00000E+00 0.00000E+00
   2305.0 0.00000E+00 0.00000E+00 0.00000E+00 0.00000E+00 0.00000E+00
   2315.0 0.00000E+00 0.00000E+00 0.00000E+00 0.00000E+00 0.00000E+00
   2325.0 0.00000E+00 0.00000E+00 0.00000E+00 0.00000E+00 0.00000E+00
   2335.0 0.00000E+00 0.00000E+00 0.00000E+00 0.00000E+00 0.00000E+00
   2345.0 0.00000E+00 0.00000E+00 0.00000E+00 0.00000E+00 0.00000E+00
   2355.0 0.00000E+00 0.00000E+00 0.00000E+00 0.00000E+00 0.00000E+00
   2365.0 0.00000E+00 0.00000E+00 0.00000E+00 0.00000E+00 0.00000E+00
   2375.0 0.00000E+00 0.00000E+00 0.00000E+00 0.00000E+00 0.00000E+00
   2385.0 0.00000E+00 0.00000E+00 0.00000E+00 0.00000E+00 0.00000E+00
   2395.0 0.00000E+00 0.00000E+00 0.00000E+00 0.00000E+00 0.00000E+00
   2405.0 0.00000E+00 0.00000E+00 0.00000E+00 0.00000E+00 0.00000E+00
   2415.0 0.00000E+00 0.00000E+00 0.00000E+00 0.00000E+00 0.00000E+00
   2425.0 0.00000E+00 0.00000E+00 0.00000E+00 0.00000E+00 0.00000E+00
   2435.0 0.00000E+00 0.00000E+00 0.00000E+00 0.00000E+00 0.00000E+00
   2445.0 0.00000E+00 0.00000E+00 0.00000E+00 0.00000E+00 0.00000E+00
   2455.0 0.00000E+00 0.00000E+00 0.00000E+00 0.00000E+00 0.00000E+00
   2465.0 0.00000E+00 0.00000E+00 0.00000E+00 0.00000E+00 0.00000E+00
   2475.0 0.00000E+00 0.00000E+00 0.00000E+00 0.00000E+00 0.00000E+00
   2485.0 0.00000E+00 0.00000E+00 0.00000E+00 0.00000E+00 0.00000E+00
   2495.0 0.00000E+00 0.00000E+00 0.00000E+00 0.00000E+00 0.00000E+00
   2505.0 0.00000E+00 0.00000E+00 0.00000E+00 0.00000E+00 0.00000E+00
   2513.0 0.00000E+00 0.00000E+00 0.00000E+00 0.00000E+00 0.00000E+00
   2518.0 0.00000E+00 0.00000E+00 0.00000E+00 0.00000E+00 0.00000E+00
   2525.0 0.00000E+00 0.00000E+00 0.00000E+00 0.00000E+00 0.00000E+00
   2535.0 0.00000E+00 0.00000E+00 0.00000E+00 0.00000E+00 0.00000E+00
   2545.0 0.00000E+00 0.00000E+00 0.00000E+00 0.00000E+00 0.00000E+00
   2555.0 0.00000E+00 0.00000E+00 0.00000E+00 0.00000E+00 0.00000E+00
   2565.0 0.00000E+00 0.00000E+00 0.00000E+00 0.00000E+00 0.00000E+00
   2575.0 0.00000E+00 0.00000E+00 0.00000E+00 0.00000E+00 0.00000E+00
   2585.0 0.00000E+00 0.00000E+00 0.00000E+00 0.00000E+00 0.00000E+00
   2595.0 0.00000E+00 0.00000E+00 0.00000E+00 0.00000E+00 0.00000E+00
   2605.0 0.00000E+00 0.00000E+00 0.00000E+00 0.00000E+00 0.00000E+00
   2615.0 0.00000E+00 0.00000E+00 0.00000E+00 0.00000E+00 0.00000E+00
   2625.0 0.00000E+00 0.00000E+00 0.00000E+00 0.00000E+00 0.00000E+00
   2635.0 0.00000E+00 0.00000E+00 0.00000E+00 0.00000E+00 0.00000E+00
   2645.0 0.00000E+00 0.00000E+00 0.00000E+00 0.00000E+00 0.00000E+00
   2655.0 0.00000E+00 0.00000E+00 0.00000E+00 0.00000E+00 0.00000E+00
   2665.0 0.00000E+00 0.00000E+00 0.00000E+00 0.00000E+00 0.00000E+00
   2675.0 0.00000E+00 0.00000E+00 0.00000E+00 0.00000E+00 0.00000E+00
   2685.0 0.00000E+00 0.00000E+00 0.00000E+00 0.00000E+00 0.00000E+00
   2695.0 0.00000E+00 0.00000E+00 0.00000E+00 0.00000E+00 0.00000E+00
   2705.0 0.00000E+00 0.00000E+00 0.00000E+00 0.00000E+00 0.00000E+00
   2715.0 0.00000E+00 0.00000E+00 0.00000E+00 0.00000E+00 0.00000E+00
   2725.0 0.00000E+00 0.00000E+00 0.00000E+00 0.00000E+00 0.00000E+00
   2735.0 0.00000E+00 0.00000E+00 0.00000E+00 0.00000E+00 0.00000E+00
   2745.0 0.00000E+00 0.00000E+00 0.00000E+00 0.00000E+00 0.00000E+00
   2755.0 0.00000E+00 0.00000E+00 0.00000E+00 0.00000E+00 0.00000E+00
   2765.0 0.00000E+00 0.00000E+00 0.00000E+00 0.00000E+00 0.00000E+00
   2775.0 0.00000E+00 0.00000E+00 0.00000E+00 0.00000E+00 0.00000E+00
   2785.0 0.00000E+00 0.00000E+00 0.00000E+00 0.00000E+00 0.00000E+00
   2795.0 0.00000E+00 0.00000E+00 0.00000E+00 0.00000E+00 0.00000E+00
   2805.0 0.00000E+00 0.00000E+00 0.00000E+00 0.00000E+00 0.00000E+00
   2815.0 0.00000E+00 0.00000E+00 0.00000E+00 0.00000E+00 0.00000E+00
   2825.0 0.00000E+00 0.00000E+00 0.00000E+00 0.00000E+00 0.00000E+00
   2835.0 0.00000E+00 0.00000E+00 0.00000E+00 0.00000E+00 0.00000E+00
   2845.0 0.00000E+00 0.00000E+00 0.00000E+00 0.00000E+00 0.00000E+00
   2855.0 0.00000E+00 0.00000E+00 0.00000E+00 0.00000E+00 0.00000E+00
   2865.0 0.00000E+00 0.00000E+00 0.00000E+00 0.00000E+00 0.00000E+00
   2875.0 0.00000E+00 0.00000E+00 0.00000E+00 0.00000E+00 0.00000E+00
   2885.0 0.00000E+00 0.00000E+00 0.00000E+00 0.00000E+00 0.00000E+00
   2895.0 0.00000E+00 0.00000E+00 0.00000E+00 0.00000E+00 0.00000E+00
   2910.0 0.00000E+00 0.00000E+00 0.00000E+00 0.00000E+00 0.00000E+00
   2930.0 0.00000E+00 0.00000E+00 0.00000E+00 0.00000E+00 0.00000E+00
   2950.0 0.00000E+00 0.00000E+00 0.00000E+00 0.00000E+00 0.00000E+00
   2970.0 0.00000E+00 0.00000E+00 0.00000E+00 0.00000E+00 0.00000E+00
   2990.0 0.00000E+00 0.00000E+00 0.00000E+00 0.00000E+00 0.00000E+00
   3010.0 0.00000E+00 0.00000E+00 0.00000E+00 0.00000E+00 0.00000E+00
   3030.0 0.00000E+00 0.00000E+00 0.00000E+00 0.00000E+00 0.00000E+00
   3050.0 0.00000E+00 0.00000E+00 0.00000E+00 0.00000E+00 0.00000E+00
   3070.0 0.00000E+00 0.00000E+00 0.00000E+00 0.00000E+00 0.00000E+00
   3090.0 0.00000E+00 0.00000E+00 0.00000E+00 0.00000E+00 0.00000E+00
   3110.0 0.00000E+00 0.00000E+00 0.00000E+00 0.00000E+00 0.00000E+00
   3130.0 0.00000E+00 0.00000E+00 0.00000E+00 0.00000E+00 0.00000E+00
   3150.0 0.00000E+00 0.00000E+00 0.00000E+00 0.00000E+00 0.00000E+00
   3170.0 0.00000E+00 0.00000E+00 0.00000E+00 0.00000E+00 0.00000E+00
   3190.0 0.00000E+00 0.00000E+00 0.00000E+00 0.00000E+00 0.00000E+00
   3210.0 0.00000E+00 0.00000E+00 0.00000E+00 0.00000E+00 0.00000E+00
   3230.0 0.00000E+00 0.00000E+00 0.00000E+00 0.00000E+00 0.00000E+00
   3250.0 0.00000E+00 0.00000E+00 0.00000E+00 0.00000E+00 0.00000E+00
   3270.0 0.00000E+00 0.00000E+00 0.00000E+00 0.00000E+00 0.00000E+00
   3290.0 0.00000E+00 0.00000E+00 0.00000E+00 0.00000E+00 0.00000E+00
   3310.0 0.00000E+00 0.00000E+00 0.00000E+00 0.00000E+00 0.00000E+00
   3330.0 0.00000E+00 0.00000E+00 0.00000E+00 0.00000E+00 0.00000E+00
   3350.0 0.00000E+00 0.00000E+00 0.00000E+00 0.00000E+00 0.00000E+00
   3370.0 0.00000E+00 0.00000E+00 0.00000E+00 0.00000E+00 0.00000E+00
   3390.0 0.00000E+00 0.00000E+00 0.00000E+00 0.00000E+00 0.00000E+00
   3410.0 0.00000E+00 0.00000E+00 0.00000E+00 0.00000E+00 0.00000E+00
   3430.0 0.00000E+00 0.00000E+00 0.00000E+00 0.00000E+00 0.00000E+00
   3450.0 0.00000E+00 0.00000E+00 0.00000E+00 0.00000E+00 0.00000E+00
   3470.0 0.00000E+00 0.00000E+00 0.00000E+00 0.00000E+00 0.00000E+00
   3490.0 0.00000E+00 0.00000E+00 0.00000E+00 0.00000E+00 0.00000E+00
   3510.0 6.66211E-10 3.23248E-09 8.14783E-09 1.08447E-08 2.75714E-08
   3530.0 1.99863E-09 9.69745E-09 2.44435E-08 3.25342E-08 8.27143E-08
   3550.0 3.33106E-09 1.61624E-08 4.07391E-08 5.42236E-08 1.37857E-07
   3570.0 4.66348E-09 2.26274E-08 5.70348E-08 7.59130E-08 1.93000E-07
   3590.0 5.99590E-09 2.90924E-08 7.33304E-08 9.76025E-08 2.48143E-07
   3610.0 7.32832E-09 3.55573E-08 8.96261E-08 1.19292E-07 3.03286E-07
   3630.0 8.66075E-09 4.20223E-08 1.05922E-07 1.40981E-07 3.58429E-07
   3640.0 9.32696E-09 4.52548E-08 1.14070E-07 1.51826E-07 3.86000E-07
   3650.0 9.99317E-09 4.84873E-08 1.22217E-07 1.62671E-07 4.13571E-07
   3670.0 1.13256E-08 5.49522E-08 1.38513E-07 1.84360E-07 4.68714E-07
   3690.0 1.26580E-08 6.14172E-08 1.54809E-07 2.06050E-07 5.23857E-07
   3710.0 1.39904E-08 6.78822E-08 1.71104E-07 2.27739E-07 5.79000E-07
   3730.0 1.53229E-08 7.43471E-08 1.87400E-07 2.49429E-07 6.34143E-07
   3750.0 1.66553E-08 8.08121E-08 2.03696E-07 2.71118E-07 6.89286E-07
   3770.0 1.79877E-08 8.72771E-08 2.19991E-07 2.92807E-07 7.44429E-07
   3790.0 1.93201E-08 9.37420E-08 2.36287E-07 3.14497E-07 7.99571E-07
   3810.0 2.06525E-08 1.00207E-07 2.52583E-07 3.36186E-07 8.54714E-07
   3830.0 2.19850E-08 1.06672E-07 2.68878E-07 3.57876E-07 9.09857E-07
   3850.0 2.33174E-08 1.13137E-07 2.85174E-07 3.79565E-07 9.65000E-07
   3870.0 2.46498E-08 1.19602E-07 3.01470E-07 4.01255E-07 1.02014E-06
   3890.0 2.59822E-08 1.26067E-07 3.17765E-07 4.22944E-07 1.07529E-06
   3910.0 2.73147E-08 1.32532E-07 3.34061E-07 4.44634E-07 1.13043E-06
   3930.0 2.86471E-08 1.38997E-07 3.50357E-07 4.66323E-07 1.18557E-06
   3950.0 2.99795E-08 1.45462E-07 3.66652E-07 4.88012E-07 1.24071E-06
   3970.0 3.13119E-08 1.51927E-07 3.82948E-07 5.09702E-07 1.29586E-06
   3990.0 3.26443E-08 1.58392E-07 3.99243E-07 5.31391E-07 1.35100E-06
   4010.0 3.39768E-08 1.64857E-07 4.15539E-07 5.53081E-07 1.40614E-06
   4030.0 3.53092E-08 1.71322E-07 4.31835E-07 5.74770E-07 1.46129E-06
   4050.0 3.66416E-08 1.77787E-07 4.48130E-07 5.96460E-07 1.51643E-06
   4070.0 3.79740E-08 1.84252E-07 4.64426E-07 6.18149E-07 1.57157E-06
   4090.0 3.93065E-08 1.90717E-07 4.80722E-07 6.39839E-07 1.62671E-06
   4110.0 4.06389E-08 1.97182E-07 4.97017E-07 6.61528E-07 1.68186E-06
   4130.0 4.19713E-08 2.03647E-07 5.13313E-07 6.83217E-07 1.73700E-06
   4150.0 4.33037E-08 2.10111E-07 5.29609E-07 7.04907E-07 1.79214E-06
   4170.0 4.46361E-08 2.16576E-07 5.45904E-07 7.26596E-07 1.84729E-06
   4190.0 4.59686E-08 2.23041E-07 5.62200E-07 7.48286E-07 1.90243E-06
   4210.0 4.73010E-08 2.29506E-07 5.78496E-07 7.69975E-07 1.95757E-06
   4230.0 4.86334E-08 2.35971E-07 5.94791E-07 7.91665E-07 2.01271E-06
   4250.0 4.99658E-08 2.42436E-07 6.11087E-07 8.13354E-07 2.06786E-06
   4270.0 5.12983E-08 2.48901E-07 6.27383E-07 8.35043E-07 2.12300E-06
   4290.0 5.26307E-08 2.55366E-07 6.43678E-07 8.56733E-07 2.17814E-06
   4310.0 5.39631E-08 2.61831E-07 6.59974E-07 8.78422E-07 2.23329E-06
   4330.0 5.52955E-08 2.68296E-07 6.76270E-07 9.00112E-07 2.28843E-06
   4350.0 5.66280E-08 2.74761E-07 6.92565E-07 9.21801E-07 2.34357E-06
   4370.0 5.79604E-08 2.81226E-07 7.08861E-07 9.43491E-07 2.39871E-06
   4390.0 5.92928E-08 2.87691E-07 7.25157E-07 9.65180E-07 2.45386E-06
   4410.0 6.06252E-08 2.94156E-07 7.41452E-07 9.86870E-07 2.50900E-06
   4430.0 6.19576E-08 3.00621E-07 7.57748E-07 1.00856E-06 2.56414E-06
   4450.0 6.32901E-08 3.07086E-07 7.74043E-07 1.03025E-06 2.61929E-06
   4470.0 6.46225E-08 3.13551E-07 7.90339E-07 1.05194E-06 2.67443E-06
   4490.0 6.59549E-08 3.20016E-07 8.06635E-07 1.07363E-06 2.72957E-06
   4510.0 6.72873E-08 3.26481E-07 8.22930E-07 1.09532E-06 2.78471E-06
   4530.0 6.86198E-08 3.32946E-07 8.39226E-07 1.11701E-06 2.83986E-06
   4550.0 6.99522E-08 3.39411E-07 8.55522E-07 1.13870E-06 2.89500E-06
   4570.0 7.12846E-08 3.45876E-07 8.71817E-07 1.16039E-06 2.95014E-06
   4590.0 7.26170E-08 3.52341E-07 8.88113E-07 1.18207E-06 3.00529E-06
   4610.0 7.39494E-08 3.58806E-07 9.04409E-07 1.20376E-06 3.06043E-06
   4630.0 7.52819E-08 3.65271E-07 9.20704E-07 1.22545E-06 3.11557E-06
   4650.0 7.66143E-08 3.71736E-07 9.37000E-07 1.24714E-06 3.17071E-06
   4670.0 7.79467E-08 3.78201E-07 9.53296E-07 1.26883E-06 3.22586E-06
   4690.0 7.92791E-08 3.84666E-07 9.69591E-07 1.29052E-06 3.28100E-06
   4710.0 8.06116E-08 3.91131E-07 9.85887E-07 1.31221E-06 3.33614E-06
   4730.0 8.19440E-08 3.97596E-07 1.00218E-06 1.33390E-06 3.39129E-06
   4750.0 8.32764E-08 4.04061E-07 1.01848E-06 1.35559E-06 3.44643E-06
   4770.0 8.46088E-08 4.10526E-07 1.03477E-06 1.37728E-06 3.50157E-06
   4790.0 8.59412E-08 4.16990E-07 1.05107E-06 1.39897E-06 3.55671E-06
   4810.0 8.72737E-08 4.23455E-07 1.06737E-06 1.42066E-06 3.61186E-06
   4830.0 8.86061E-08 4.29920E-07 1.08366E-06 1.44235E-06 3.66700E-06
   4850.0 8.99385E-08 4.36385E-07 1.09996E-06 1.46404E-06 3.72214E-06
   4870.0 9.12709E-08 4.42850E-07 1.11625E-06 1.48573E-06 3.77729E-06
   4890.0 9.26034E-08 4.49315E-07 1.13255E-06 1.50742E-06 3.83243E-06
   4910.0 9.39358E-08 4.55780E-07 1.14884E-06 1.52911E-06 3.88757E-06
   4930.0 9.52682E-08 4.62245E-07 1.16514E-06 1.55080E-06 3.94271E-06
   4950.0 9.66006E-08 4.68710E-07 1.18143E-06 1.57248E-06 3.99786E-06
   4970.0 9.79330E-08 4.75175E-07 1.19773E-06 1.59417E-06 4.05300E-06
   4990.0 9.92655E-08 4.81640E-07 1.21403E-06 1.61586E-06 4.10814E-06
   5010.0 1.00598E-07 4.88105E-07 1.23032E-06 1.63755E-06 4.16329E-06
   5030.0 1.01930E-07 4.94570E-07 1.24662E-06 1.65924E-06 4.21843E-06
   5050.0 1.03263E-07 5.01035E-07 1.26291E-06 1.68093E-06 4.27357E-06
   5070.0 1.04595E-07 5.07500E-07 1.27921E-06 1.70262E-06 4.32871E-06
   5090.0 1.05928E-07 5.13965E-07 1.29550E-06 1.72431E-06 4.38386E-06
   5110.0 1.07260E-07 5.20430E-07 1.31180E-06 1.74600E-06 4.43900E-06
   5130.0 1.13580E-07 5.17050E-07 1.27160E-06 1.72030E-06 4.09940E-06
   5150.0 1.34820E-07 5.64300E-07 1.35810E-06 2.05400E-06 4.81190E-06
   5170.0 1.68360E-07 7.47230E-07 1.85540E-06 3.42210E-06 7.50770E-06
   5190.0 1.87890E-07 1.05700E-06 2.83540E-06 5.45250E-06 1.16550E-05
   5210.0 1.94950E-07 1.29050E-06 3.60590E-06 6.85880E-06 1.46030E-05
   5230.0 2.08530E-07 1.40430E-06 3.94620E-06 7.58840E-06 1.56970E-05
   5250.0 2.36500E-07 1.49480E-06 4.12710E-06 7.59570E-06 1.55620E-05
   5270.0 2.60960E-07 1.50760E-06 4.06790E-06 7.26950E-06 1.47750E-05
   5290.0 2.85180E-07 1.57310E-06 4.18760E-06 7.27030E-06 1.49300E-05
   5310.0 3.03410E-07 1.71120E-06 4.58200E-06 7.71360E-06 1.57450E-05
   5330.0 3.29030E-07 1.85220E-06 4.96100E-06 8.15040E-06 1.65180E-05
   5350.0 3.51560E-07 1.94930E-06 5.19230E-06 8.10560E-06 1.66850E-05
   5370.0 3.68880E-07 1.95280E-06 5.10850E-06 7.61940E-06 1.59940E-05
   5390.0 3.72670E-07 1.90690E-06 4.92310E-06 6.98200E-06 1.47520E-05
   5410.0 3.77520E-07 1.85360E-06 5.79790E-06 7.64020E-06 1.38980E-05
   5430.0 3.86550E-07 1.87310E-06 5.68290E-06 7.51970E-06 1.35040E-05
   5450.0 3.81110E-07 1.85670E-06 5.59270E-06 7.41990E-06 1.30590E-05
   5470.0 3.79750E-07 1.81480E-06 5.44610E-06 7.07450E-06 1.22020E-05
   5490.0 3.89820E-07 1.75450E-06 5.10950E-06 6.52890E-06 1.13820E-05
   5510.0 4.08550E-07 1.73770E-06 4.89010E-06 6.18830E-06 1.09740E-05
   5530.0 4.26900E-07 1.77520E-06 4.95570E-06 6.16430E-06 1.10840E-05
   5550.0 4.51610E-07 1.82810E-06 4.98280E-06 6.25520E-06 1.12320E-05
   5570.0 4.73430E-07 1.88950E-06 5.13370E-06 6.29660E-06 1.14950E-05
   5590.0 5.10260E-07 1.98720E-06 5.26950E-06 6.80600E-06 1.20500E-05
   5610.0 5.42340E-07 2.06830E-06 5.64020E-06 7.34970E-06 1.22570E-05
   5630.0 6.10510E-07 2.19470E-06 5.75180E-06 8.04420E-06 1.34720E-05
   5650.0 8.56160E-07 3.06250E-06 7.71900E-06 1.20910E-05 1.92450E-05
   5670.0 1.11030E-06 4.07640E-06 1.13310E-05 1.70870E-05 2.43910E-05
   5690.0 1.23640E-06 4.54930E-06 1.29920E-05 1.93510E-05 2.62220E-05
   5710.0 1.28600E-06 4.68940E-06 1.33060E-05 2.00130E-05 2.67890E-05
   5730.0 1.20280E-06 4.35340E-06 1.26950E-05 1.82680E-05 2.45170E-05
   5750.0 1.09210E-06 3.80920E-06 1.06700E-05 1.50300E-05 2.16970E-05
   5770.0 1.10410E-06 3.79860E-06 1.00610E-05 1.41900E-05 2.17240E-05
   5790.0 1.20810E-06 4.16300E-06 1.09610E-05 1.52530E-05 2.33980E-05
   5810.0 1.33030E-06 4.60710E-06 1.20940E-05 1.68200E-05 2.54840E-05
   5830.0 1.41350E-06 4.90130E-06 1.29090E-05 1.77940E-05 2.67080E-05
   5850.0 1.37800E-06 4.68990E-06 1.24140E-05 1.70880E-05 2.53700E-05
   5870.0 1.17670E-06 3.89120E-06 1.03570E-05 1.45790E-05 2.16010E-05
   5890.0 9.06640E-07 2.99670E-06 8.17280E-06 1.23390E-05 1.84960E-05
   5910.0 8.99050E-07 3.04930E-06 8.11210E-06 1.19510E-05 1.91950E-05
   5930.0 1.13630E-06 3.84240E-06 9.82630E-06 1.33840E-05 2.13280E-05
   5950.0 1.29470E-06 4.35660E-06 1.09240E-05 1.41190E-05 2.27770E-05
   5970.0 1.39680E-06 4.64390E-06 1.14370E-05 1.44640E-05 2.35380E-05
   5990.0 1.37540E-06 4.53730E-06 1.12530E-05 1.40950E-05 2.24870E-05
   6010.0 1.31810E-06 4.33520E-06 1.05730E-05 1.32840E-05 2.15260E-05
   6030.0 1.37420E-06 4.54640E-06 1.10730E-05 1.39870E-05 2.25760E-05
   6050.0 1.48200E-06 4.91970E-06 1.20230E-05 1.47910E-05 2.41120E-05
   6070.0 1.66160E-06 5.45910E-06 1.30610E-05 1.68200E-05 2.64280E-05
   6090.0 1.78790E-06 5.83200E-06 1.44480E-05 1.82270E-05 2.71520E-05
   6110.0 1.72190E-06 5.55710E-06 1.35870E-05 1.70930E-05 2.60970E-05
   6130.0 1.75770E-06 5.59370E-06 1.33950E-05 1.76440E-05 2.65150E-05
   6150.0 1.83190E-06 5.75730E-06 1.40560E-05 1.80410E-05 2.65060E-05
   6170.0 1.82650E-06 5.64630E-06 1.34240E-05 1.72880E-05 2.61760E-05
   6190.0 1.85800E-06 5.61150E-06 1.31320E-05 1.79520E-05 2.59600E-05
   6210.0 1.97440E-06 5.74510E-06 1.35800E-05 1.92980E-05 2.50870E-05
   6230.0 2.02670E-06 5.82560E-06 1.36320E-05 1.94650E-05 2.51360E-05
   6250.0 2.11010E-06 6.15870E-06 1.47060E-05 2.11740E-05 2.63790E-05
   6270.0 2.14900E-06 6.35020E-06 1.53770E-05 2.19050E-05 2.72640E-05
   6290.0 2.27560E-06 6.74200E-06 1.61610E-05 2.27250E-05 2.92410E-05
   6310.0 2.36130E-06 6.95810E-06 1.65850E-05 2.31000E-05 2.97640E-05
   6330.0 2.37120E-06 6.80720E-06 1.60060E-05 2.22810E-05 2.81020E-05
   6350.0 2.25840E-06 6.36480E-06 1.47190E-05 2.01090E-05 2.58030E-05
   6370.0 2.25650E-06 6.35180E-06 1.43130E-05 1.95420E-05 2.60550E-05
   6390.0 2.37970E-06 6.80320E-06 1.55320E-05 2.09250E-05 2.77580E-05
   6410.0 2.48750E-06 7.24290E-06 1.65910E-05 2.17580E-05 2.90060E-05
   6430.0 2.53120E-06 7.40410E-06 1.69250E-05 2.23020E-05 3.00610E-05
   6450.0 2.60020E-06 7.57490E-06 1.73210E-05 2.30230E-05 3.04680E-05
   6470.0 2.60200E-06 7.44820E-06 1.69510E-05 2.22810E-05 2.90170E-05
   6490.0 2.53980E-06 7.11340E-06 1.57450E-05 2.03250E-05 2.66310E-05
   6510.0 2.51130E-06 7.10090E-06 1.54920E-05 1.96080E-05 2.66600E-05
   6530.0 2.73630E-06 7.87100E-06 1.73650E-05 2.21850E-05 2.99260E-05
   6550.0 2.92050E-06 8.39580E-06 1.87680E-05 2.38160E-05 3.29180E-05
   6570.0 2.97180E-06 8.62280E-06 1.94560E-05 2.46960E-05 3.40270E-05
   6590.0 3.03170E-06 8.91900E-06 2.01050E-05 2.56440E-05 3.43560E-05
   6610.0 3.26480E-06 9.51960E-06 2.14030E-05 2.76280E-05 3.60030E-05
   6630.0 3.32580E-06 9.43190E-06 2.10770E-05 2.71030E-05 3.49030E-05
   6650.0 3.16400E-06 8.86310E-06 1.94800E-05 2.48030E-05 3.24940E-05
   6670.0 3.15810E-06 8.98060E-06 1.96440E-05 2.48830E-05 3.32500E-05
   6690.0 3.44800E-06 9.95850E-06 2.19840E-05 2.83770E-05 3.70550E-05
   6710.0 3.76480E-06 1.08490E-05 2.42990E-05 3.12770E-05 3.98940E-05
   6730.0 3.93470E-06 1.13320E-05 2.53390E-05 3.22350E-05 4.12450E-05
   6750.0 4.02040E-06 1.16170E-05 2.58460E-05 3.29360E-05 4.29010E-05
   6770.0 4.26480E-06 1.21220E-05 2.68630E-05 3.57420E-05 4.47910E-05
   6790.0 4.38450E-06 1.21850E-05 2.70200E-05 3.56620E-05 4.41340E-05
   6810.0 4.30520E-06 1.18990E-05 2.61210E-05 3.47590E-05 4.33080E-05
   6830.0 4.30840E-06 1.19000E-05 2.60900E-05 3.51000E-05 4.37860E-05
   6850.0 4.56140E-06 1.26140E-05 2.76380E-05 3.80500E-05 4.56680E-05
   6870.0 5.15730E-06 1.40060E-05 3.06770E-05 4.40100E-05 5.12490E-05
   6890.0 5.36270E-06 1.42060E-05 3.19060E-05 4.55140E-05 5.20640E-05
   6910.0 4.67000E-06 1.20500E-05 2.66890E-05 3.71320E-05 4.30550E-05
   6930.0 3.78120E-06 9.62330E-06 2.04690E-05 2.75260E-05 3.30370E-05
   6950.0 3.23590E-06 8.31050E-06 1.71790E-05 2.23210E-05 2.75450E-05
   6970.0 3.22330E-06 8.47100E-06 1.73710E-05 2.30390E-05 2.82800E-05
   6990.0 3.37680E-06 8.97000E-06 1.88600E-05 2.51400E-05 2.96560E-05
   7010.0 3.58900E-06 9.74520E-06 2.07010E-05 2.72480E-05 3.21630E-05
   7030.0 4.07590E-06 1.11990E-05 2.39140E-05 3.10720E-05 3.68970E-05
   7050.0 4.47440E-06 1.20220E-05 2.57060E-05 3.43220E-05 3.95100E-05
   7070.0 4.22840E-06 1.09230E-05 2.32280E-05 3.06890E-05 3.47250E-05
   7090.0 3.52260E-06 8.92990E-06 1.81960E-05 2.35160E-05 2.77760E-05
   7110.0 3.18250E-06 8.14050E-06 1.64540E-05 2.05810E-05 2.46830E-05
   7130.0 3.21480E-06 8.43400E-06 1.69370E-05 2.13750E-05 2.59780E-05
   7150.0 3.52560E-06 9.36930E-06 1.93140E-05 2.47720E-05 2.84520E-05
   7170.0 3.92360E-06 1.03830E-05 2.13640E-05 2.73890E-05 3.13060E-05
   7190.0 4.35590E-06 1.15400E-05 2.38150E-05 3.03680E-05 3.62280E-05
   7210.0 4.64270E-06 1.24050E-05 2.58020E-05 3.33810E-05 3.93110E-05
   7230.0 4.79040E-06 1.24090E-05 2.56060E-05 3.31770E-05 3.79320E-05
   7250.0 4.45160E-06 1.12880E-05 2.27860E-05 2.88930E-05 3.42240E-05
   7270.0 4.14930E-06 1.05710E-05 2.11150E-05 2.60810E-05 3.16030E-05
   7290.0 4.09860E-06 1.06630E-05 2.12530E-05 2.62380E-05 3.21020E-05
   7310.0 4.37640E-06 1.14440E-05 2.31750E-05 2.91130E-05 3.44810E-05
   7330.0 4.56410E-06 1.19240E-05 2.42760E-05 3.07900E-05 3.55800E-05
   7350.0 4.76630E-06 1.26840E-05 2.61630E-05 3.31180E-05 3.82540E-05
   7370.0 5.12850E-06 1.37750E-05 2.86110E-05 3.60940E-05 4.12210E-05
   7390.0 5.54730E-06 1.48050E-05 3.05390E-05 3.84940E-05 4.44170E-05
   7410.0 5.79500E-06 1.52120E-05 3.15650E-05 3.99230E-05 4.51360E-05
   7430.0 5.59780E-06 1.44670E-05 2.94110E-05 3.71660E-05 4.27140E-05
   7450.0 5.38700E-06 1.39380E-05 2.81460E-05 3.52760E-05 4.06530E-05
   7470.0 5.37520E-06 1.40590E-05 2.84270E-05 3.53190E-05 4.05880E-05
   7490.0 5.66940E-06 1.51710E-05 3.10850E-05 3.86320E-05 4.44280E-05
   7510.0 6.13420E-06 1.64870E-05 3.42280E-05 4.25280E-05 4.83330E-05
   7530.0 6.39450E-06 1.72680E-05 3.60200E-05 4.53340E-05 5.11230E-05
   7550.0 6.75660E-06 1.81540E-05 3.79790E-05 4.86380E-05 5.35620E-05
   7570.0 7.00610E-06 1.83990E-05 3.79570E-05 4.87780E-05 5.19070E-05
   7590.0 7.26610E-06 1.84030E-05 3.69170E-05 4.68490E-05 5.02910E-05
   7610.0 7.33090E-06 1.91090E-05 3.87080E-05 4.73540E-05 5.77640E-05
   7630.0 7.25590E-06 1.91960E-05 3.94970E-05 4.74760E-05 6.07790E-05
   7650.0 7.31480E-06 1.93630E-05 3.99890E-05 4.87260E-05 5.90500E-05
   7670.0 7.39820E-06 1.97220E-05 4.05840E-05 5.06350E-05 5.87580E-05
   7690.0 7.84670E-06 2.05290E-05 4.23210E-05 5.33820E-05 5.93060E-05
   7710.0 7.79410E-06 2.05620E-05 4.24370E-05 5.29240E-05 5.88490E-05
   7730.0 7.62880E-06 2.05540E-05 4.29260E-05 5.33340E-05 5.93810E-05
   7750.0 7.88750E-06 2.13710E-05 4.49030E-05 5.62180E-05 6.20550E-05
   7770.0 8.11990E-06 2.20040E-05 4.64040E-05 5.84970E-05 6.43750E-05
   7790.0 8.41500E-06 2.26300E-05 4.76770E-05 6.00720E-05 6.55660E-05
   7810.0 8.47260E-06 2.25390E-05 4.71010E-05 5.95800E-05 6.52410E-05
   7830.0 8.06650E-06 2.09490E-05 4.33490E-05 5.53810E-05 6.01930E-05
   7850.0 7.09670E-06 1.78370E-05 3.56680E-05 4.52120E-05 4.97150E-05
   7870.0 6.15150E-06 1.50090E-05 2.89960E-05 3.60280E-05 4.04110E-05
   7890.0 5.20980E-06 1.25610E-05 2.37610E-05 2.92380E-05 3.30590E-05
   7910.0 4.44550E-06 1.09770E-05 2.09950E-05 2.54080E-05 2.90870E-05
   7930.0 4.20420E-06 1.04890E-05 2.00300E-05 2.39980E-05 2.73270E-05
   7950.0 4.32750E-06 1.12260E-05 2.17940E-05 2.62980E-05 2.93900E-05
   7970.0 4.95420E-06 1.32820E-05 2.68830E-05 3.24690E-05 3.57270E-05
   7990.0 5.59930E-06 1.48420E-05 3.02750E-05 3.65400E-05 3.99280E-05
   8010.0 5.84990E-06 1.54650E-05 3.12780E-05 3.79340E-05 4.20410E-05
   8030.0 6.04720E-06 1.55210E-05 3.11890E-05 3.80010E-05 4.15790E-05
   8050.0 5.64170E-06 1.38520E-05 2.67470E-05 3.25640E-05 3.63070E-05
   8070.0 5.05080E-06 1.20940E-05 2.24150E-05 2.64350E-05 3.03520E-05
   8090.0 4.54390E-06 1.08730E-05 1.98090E-05 2.31720E-05 2.63460E-05
   8110.0 4.45260E-06 1.09030E-05 1.99970E-05 2.36550E-05 2.64950E-05
   8130.0 4.66430E-06 1.15250E-05 2.15880E-05 2.56820E-05 2.83510E-05
   8150.0 4.90800E-06 1.23710E-05 2.35810E-05 2.81210E-05 3.09700E-05
   8170.0 5.35280E-06 1.38140E-05 2.69580E-05 3.21940E-05 3.53430E-05
   8190.0 5.86370E-06 1.52780E-05 3.07480E-05 3.71080E-05 3.96320E-05
   8210.0 6.18080E-06 1.59340E-05 3.15010E-05 3.80630E-05 4.14750E-05
   8230.0 6.53950E-06 1.66170E-05 3.26280E-05 4.01180E-05 4.41880E-05
   8250.0 6.46590E-06 1.61360E-05 3.13850E-05 3.83370E-05 4.15780E-05
   8270.0 6.27290E-06 1.55860E-05 2.99220E-05 3.62670E-05 3.97540E-05
   8290.0 6.08470E-06 1.48520E-05 2.82880E-05 3.41480E-05 3.72020E-05
   8310.0 5.87220E-06 1.46440E-05 2.77230E-05 3.27810E-05 3.62360E-05
   8330.0 6.04340E-06 1.53610E-05 2.98020E-05 3.57720E-05 3.85330E-05
   8350.0 6.33510E-06 1.60960E-05 3.14610E-05 3.79950E-05 4.08150E-05
   8370.0 6.65410E-06 1.71320E-05 3.38370E-05 4.10840E-05 4.33900E-05
   8390.0 7.02450E-06 1.81890E-05 3.63170E-05 4.38400E-05 4.61120E-05
   8410.0 7.33890E-06 1.90110E-05 3.80100E-05 4.64120E-05 4.85940E-05
   8430.0 7.56680E-06 1.95980E-05 3.93850E-05 4.79790E-05 5.02750E-05
   8450.0 7.66230E-06 1.97990E-05 3.96890E-05 4.82690E-05 5.12030E-05
   8470.0 7.74440E-06 1.96900E-05 3.90460E-05 4.76160E-05 5.05340E-05
   8490.0 7.59910E-06 1.88670E-05 3.64530E-05 4.44850E-05 4.80740E-05
   8510.0 7.46530E-06 1.82660E-05 3.48970E-05 4.27880E-05 4.53170E-05
   8530.0 7.35430E-06 1.81180E-05 3.41880E-05 4.12240E-05 4.42640E-05
   8550.0 7.64720E-06 1.95460E-05 3.78380E-05 4.58870E-05 4.86730E-05
   8570.0 8.17220E-06 2.08790E-05 4.12520E-05 5.02180E-05 5.27670E-05
   8590.0 8.39620E-06 2.17310E-05 4.33340E-05 5.27420E-05 5.52790E-05
   8610.0 8.57910E-06 2.21040E-05 4.43060E-05 5.46810E-05 5.72810E-05
   8630.0 8.81960E-06 2.26680E-05 4.54680E-05 5.63540E-05 5.91700E-05
   8650.0 8.94520E-06 2.27640E-05 4.52850E-05 5.60810E-05 5.84310E-05
   8670.0 8.90000E-06 2.30720E-05 4.60360E-05 5.62560E-05 5.89390E-05
   8690.0 9.24640E-06 2.40700E-05 4.85290E-05 5.96350E-05 6.17660E-05
   8710.0 9.45620E-06 2.44280E-05 4.91370E-05 6.03640E-05 6.34980E-05
   8730.0 9.47490E-06 2.42010E-05 4.84340E-05 5.96690E-05 6.28320E-05
   8750.0 8.94510E-06 2.30480E-05 4.60670E-05 5.47080E-05 5.83870E-05
   8770.0 8.85070E-06 2.30390E-05 4.55770E-05 5.44750E-05 5.91320E-05
   8790.0 9.12170E-06 2.38530E-05 4.80870E-05 5.83640E-05 6.17890E-05
   8810.0 9.19940E-06 2.40840E-05 4.86380E-05 5.80110E-05 6.24360E-05
   8830.0 9.37290E-06 2.46910E-05 4.97390E-05 5.89410E-05 6.49370E-05
   8850.0 9.35390E-06 2.49180E-05 5.07910E-05 5.92820E-05 6.61610E-05
   8870.0 9.23440E-06 2.48830E-05 5.08350E-05 5.87760E-05 6.55410E-05
   8890.0 9.63800E-06 2.58990E-05 5.27560E-05 6.20510E-05 6.85530E-05
   8910.0 9.93020E-06 2.66760E-05 5.47690E-05 6.51350E-05 6.99790E-05
   8930.0 1.01300E-05 2.71370E-05 5.56500E-05 6.61980E-05 7.04290E-05
   8950.0 1.03500E-05 2.76550E-05 5.66950E-05 6.75230E-05 7.21110E-05
   8970.0 1.03570E-05 2.76830E-05 5.70520E-05 6.79190E-05 7.20790E-05
   8990.0 1.02600E-05 2.73660E-05 5.59370E-05 6.59500E-05 7.20330E-05
   9010.0 1.01040E-05 2.72910E-05 5.63090E-05 6.58450E-05 7.23730E-05
   9030.0 1.02100E-05 2.78290E-05 5.75880E-05 6.66740E-05 7.32220E-05
   9050.0 1.01790E-05 2.74720E-05 5.65970E-05 6.47930E-05 7.10050E-05
   9070.0 1.02680E-05 2.74280E-05 5.55510E-05 6.35100E-05 7.22750E-05
   9090.0 1.01590E-05 2.67530E-05 5.40310E-05 6.32150E-05 7.10810E-05
   9110.0 9.32270E-06 2.37230E-05 4.67080E-05 5.56690E-05 6.08850E-05
   9130.0 8.83160E-06 2.12910E-05 3.96070E-05 4.58570E-05 5.16570E-05
   9150.0 7.89520E-06 1.82640E-05 3.23800E-05 3.71660E-05 4.17950E-05
   9170.0 7.03130E-06 1.59030E-05 2.73000E-05 3.23710E-05 3.51400E-05
   9190.0 6.26540E-06 1.42620E-05 2.40460E-05 2.84820E-05 3.08650E-05
   9210.0 6.00910E-06 1.40050E-05 2.40340E-05 2.77520E-05 3.10120E-05
   9230.0 6.15660E-06 1.50050E-05 2.69800E-05 3.11570E-05 3.40350E-05
   9250.0 6.56090E-06 1.59800E-05 2.90100E-05 3.35960E-05 3.65460E-05
   9270.0 6.81820E-06 1.64810E-05 2.99040E-05 3.40620E-05 3.72330E-05
   9290.0 6.90550E-06 1.67040E-05 2.98210E-05 3.35780E-05 3.83320E-05
   9310.0 7.39770E-06 1.76100E-05 3.14360E-05 3.43660E-05 3.80280E-05
   9330.0 7.60310E-06 1.80290E-05 3.16710E-05 3.44120E-05 3.82350E-05
   9350.0 7.38930E-06 1.73350E-05 3.03110E-05 3.26340E-05 3.76670E-05
   9370.0 7.78560E-06 1.78180E-05 2.97050E-05 3.26490E-05 3.84210E-05
   9390.0 7.70890E-06 1.73590E-05 2.82090E-05 3.15520E-05 3.67910E-05
   9410.0 7.41410E-06 1.61570E-05 2.52500E-05 2.94570E-05 3.25470E-05
   9430.0 7.02350E-06 1.54780E-05 2.46950E-05 2.87570E-05 3.18720E-05
   9450.0 7.22480E-06 1.61310E-05 2.62240E-05 3.03410E-05 3.28590E-05
   9470.0 7.67850E-06 1.76320E-05 2.95120E-05 3.33140E-05 3.77450E-05
   9490.0 8.30300E-06 1.96450E-05 3.42370E-05 3.94200E-05 4.49500E-05
   9510.0 8.61980E-06 2.06350E-05 3.67590E-05 4.10670E-05 4.66680E-05
   9530.0 9.10810E-06 2.18720E-05 3.85860E-05 4.32520E-05 4.92890E-05
   9550.0 9.02390E-06 2.17350E-05 3.90030E-05 4.45520E-05 4.83530E-05
   9570.0 9.17430E-06 2.19420E-05 3.89710E-05 4.45420E-05 4.81870E-05
   9590.0 9.06580E-06 2.12740E-05 3.73930E-05 4.30840E-05 4.61880E-05
   9610.0 9.09440E-06 2.14940E-05 3.81220E-05 4.47220E-05 4.82020E-05
   9630.0 9.28050E-06 2.15460E-05 3.77590E-05 4.46470E-05 4.76830E-05
   9650.0 9.17530E-06 2.07160E-05 3.52670E-05 4.10400E-05 4.44920E-05
   9670.0 8.87390E-06 1.99740E-05 3.35930E-05 3.94620E-05 4.27440E-05
   9690.0 8.68960E-06 1.95760E-05 3.28560E-05 3.78120E-05 3.98400E-05
   9710.0 8.56410E-06 1.95030E-05 3.19060E-05 3.93980E-05 4.00800E-05
   9730.0 8.75940E-06 1.97830E-05 3.36180E-05 3.96930E-05 4.11060E-05
   9750.0 8.90800E-06 2.06490E-05 3.53860E-05 4.13960E-05 4.30230E-05
   9770.0 9.05620E-06 2.12140E-05 3.70740E-05 4.29040E-05 4.51530E-05
   9790.0 9.05540E-06 2.12340E-05 3.71160E-05 4.32140E-05 4.47970E-05
   9810.0 9.40630E-06 2.26890E-05 4.04660E-05 4.61630E-05 4.86350E-05
   9830.0 9.61160E-06 2.38180E-05 4.27940E-05 4.92640E-05 5.11990E-05
   9850.0 9.78500E-06 2.36380E-05 4.46680E-05 5.15360E-05 5.31990E-05
   9870.0 9.98220E-06 2.53660E-05 4.71470E-05 5.43400E-05 5.53460E-05
   9890.0 1.00120E-05 2.50300E-05 4.70440E-05 5.46540E-05 5.58450E-05
   9910.0 9.82990E-06 2.48280E-05 4.48570E-05 5.17710E-05 5.19060E-05
   9930.0 9.92560E-06 2.43320E-05 4.53950E-05 5.29050E-05 5.26450E-05
   9950.0 1.00600E-05 2.46210E-05 4.60990E-05 5.35570E-05 5.35270E-05
   9970.0 1.03000E-05 2.63760E-05 4.62240E-05 5.16030E-05 5.26420E-05
   9990.0 1.07880E-05 2.82370E-05 5.08390E-05 5.70420E-05 5.76120E-05
  10025.0 1.10000E-05 2.91850E-05 5.25600E-05 5.87690E-05 6.06410E-05
  10075.0 1.04690E-05 2.88010E-05 4.87600E-05 5.10530E-05 5.78470E-05
  10125.0 1.09320E-05 3.06730E-05 5.29270E-05 5.58460E-05 6.19830E-05
  10175.0 1.05050E-05 2.84020E-05 4.74950E-05 4.86880E-05 5.59460E-05
  10225.0 1.10830E-05 3.04080E-05 5.15120E-05 5.41340E-05 5.87460E-05
  10275.0 1.15220E-05 3.25690E-05 5.67530E-05 5.98460E-05 6.44050E-05
  10325.0 1.08600E-05 2.92670E-05 4.91010E-05 4.93060E-05 5.66030E-05
  10375.0 1.20510E-05 3.32360E-05 5.86070E-05 6.22900E-05 6.89370E-05
  10425.0 1.13370E-05 3.13410E-05 5.14810E-05 5.27390E-05 6.13490E-05
  10475.0 1.21780E-05 3.39520E-05 5.85300E-05 6.18090E-05 6.62530E-05
  10525.0 1.22680E-05 3.58920E-05 5.96110E-05 6.15560E-05 6.68680E-05
  10575.0 1.22990E-05 3.40800E-05 5.63780E-05 5.72030E-05 6.33200E-05
  10625.0 1.26400E-05 3.43520E-05 5.61470E-05 5.80250E-05 6.67910E-05
  10675.0 1.33640E-05 3.70830E-05 6.02690E-05 6.30570E-05 6.90190E-05
  10725.0 1.31770E-05 3.62470E-05 6.01650E-05 6.31190E-05 6.89710E-05
  10775.0 1.36400E-05 3.72430E-05 6.51610E-05 7.15410E-05 7.33320E-05
  10825.0 1.40230E-05 3.79830E-05 6.11750E-05 6.38090E-05 6.90720E-05
  10875.0 1.03960E-05 2.55590E-05 3.65950E-05 3.71500E-05 3.70490E-05
  10925.0 9.82670E-06 2.14310E-05 3.03490E-05 3.04020E-05 3.13460E-05
  10975.0 9.06360E-06 1.83390E-05 2.56720E-05 2.69430E-05 3.00490E-05
  11025.0 9.45520E-06 1.95560E-05 2.55350E-05 2.66060E-05 2.83300E-05
  11075.0 9.98990E-06 2.17710E-05 3.21140E-05 3.38300E-05 3.69290E-05
  11125.0 1.07440E-05 2.48360E-05 3.92070E-05 3.98050E-05 4.06760E-05
  11175.0 1.09170E-05 2.20370E-05 3.58900E-05 3.57720E-05 3.84380E-05
  11225.0 1.29960E-05 2.15210E-05 4.05620E-05 4.12170E-05 3.93060E-05
  11275.0 1.19910E-05 2.27700E-05 3.40910E-05 3.38890E-05 3.36280E-05
  11325.0 1.23850E-05 2.78920E-05 4.45280E-05 4.61270E-05 4.57230E-05
  11375.0 1.23440E-05 2.48320E-05 3.82010E-05 4.10060E-05 4.20920E-05
  11425.0 1.37300E-05 2.69060E-05 4.31530E-05 4.38870E-05 4.53790E-05
  11475.0 1.55180E-05 2.84610E-05 4.97150E-05 5.14960E-05 5.15460E-05
  11525.0 1.40080E-05 2.57560E-05 4.08450E-05 4.27010E-05 4.54280E-05
  11575.0 1.43890E-05 2.95660E-05 4.78880E-05 5.14510E-05 5.28420E-05
  11625.0 1.50030E-05 3.07260E-05 4.76440E-05 5.04870E-05 4.96380E-05
  11675.0 1.52390E-05 3.14480E-05 4.76790E-05 5.02670E-05 5.24080E-05
  11725.0 1.52390E-05 3.35180E-05 4.77770E-05 4.79020E-05 4.85360E-05
  11775.0 1.45910E-05 3.03010E-05 4.12810E-05 3.99730E-05 4.48070E-05
  11825.0 1.58280E-05 3.12540E-05 4.52930E-05 4.48620E-05 4.69890E-05
  11875.0 1.61530E-05 3.55160E-05 4.88280E-05 4.91350E-05 5.08670E-05
  11925.0 1.52790E-05 3.21090E-05 4.42050E-05 4.47780E-05 4.58340E-05
  11975.0 1.61090E-05 3.16450E-05 4.23240E-05 4.36330E-05 4.53990E-05
  12025.0 1.59890E-05 3.29560E-05 4.46710E-05 4.45090E-05 4.66520E-05
  12075.0 1.52550E-05 2.97530E-05 3.81240E-05 3.58110E-05 4.03540E-05
  12125.0 1.63670E-05 3.31400E-05 4.40350E-05 4.17960E-05 4.56530E-05
  12175.0 1.64350E-05 3.35480E-05 4.63560E-05 4.61660E-05 4.97370E-05
  12225.0 1.75140E-05 3.64740E-05 4.95870E-05 4.92230E-05 5.31950E-05
  12275.0 1.77250E-05 3.61960E-05 4.80630E-05 4.69520E-05 5.01720E-05
  12325.0 1.78060E-05 3.82430E-05 5.17690E-05 5.12100E-05 5.34750E-05
  12375.0 1.77950E-05 3.62400E-05 4.64790E-05 4.51020E-05 4.75740E-05
  12425.0 1.82130E-05 3.68280E-05 4.74170E-05 4.66460E-05 4.96580E-05
  12475.0 1.86370E-05 3.92790E-05 5.08570E-05 5.05380E-05 5.31250E-05
  12525.0 1.83160E-05 3.91050E-05 4.92360E-05 4.89470E-05 5.19910E-05
  12575.0 1.89740E-05 4.03440E-05 5.23820E-05 5.28060E-05 5.54900E-05
  12625.0 2.03170E-05 4.16110E-05 5.50210E-05 5.41130E-05 5.71810E-05
  12675.0 2.00400E-05 4.15750E-05 5.47760E-05 5.36280E-05 5.47450E-05
  12725.0 2.00640E-05 4.12870E-05 5.62870E-05 5.46940E-05 5.72700E-05
  12775.0 2.00980E-05 4.14520E-05 5.24160E-05 5.05470E-05 5.42580E-05
  12825.0 1.98990E-05 4.08930E-05 5.12070E-05 5.11430E-05 5.44010E-05
  12875.0 2.13410E-05 4.36840E-05 5.66430E-05 5.61680E-05 5.88530E-05
  12925.0 2.17440E-05 4.45710E-05 6.10940E-05 6.17190E-05 6.10880E-05
  12975.0 2.22040E-05 4.61920E-05 6.29860E-05 6.41820E-05 6.49230E-05
  13025.0 2.24380E-05 4.75970E-05 6.34390E-05 6.44570E-05 6.55630E-05
  13075.0 2.28680E-05 4.77770E-05 6.29570E-05 6.27600E-05 6.30420E-05
  13125.0 2.32210E-05 4.80660E-05 6.42060E-05 6.39830E-05 6.38550E-05
  13175.0 2.31770E-05 4.92590E-05 6.22040E-05 6.07120E-05 6.29610E-05
  13225.0 2.41750E-05 4.97440E-05 6.28960E-05 6.23750E-05 6.47030E-05
  13275.0 2.43360E-05 4.92250E-05 6.41290E-05 6.31260E-05 6.39920E-05
  13325.0 2.50790E-05 4.84560E-05 6.81640E-05 6.73520E-05 6.48570E-05
  13375.0 2.53190E-05 5.10650E-05 7.00940E-05 7.05180E-05 6.96090E-05
  13425.0 2.42440E-05 5.11280E-05 6.75870E-05 6.71230E-05 6.63570E-05
  13475.0 2.50870E-05 5.14740E-05 6.69960E-05 6.75850E-05 6.68060E-05
  13525.0 2.53810E-05 5.18200E-05 7.04200E-05 6.80470E-05 6.77080E-05
  13575.0 2.56740E-05 5.21660E-05 7.08880E-05 6.85090E-05 6.82230E-05
  13625.0 2.59680E-05 5.25120E-05 7.13570E-05 6.89710E-05 6.87370E-05
  13675.0 2.62620E-05 5.28590E-05 7.18260E-05 6.94330E-05 6.92520E-05
  13725.0 2.65550E-05 5.32050E-05 7.22950E-05 6.98950E-05 6.97670E-05
  13775.0 2.68490E-05 5.35510E-05 7.27630E-05 7.03570E-05 7.02810E-05
  13825.0 2.71430E-05 5.38970E-05 7.32320E-05 7.08190E-05 7.07960E-05
  13875.0 2.74360E-05 5.42440E-05 7.37010E-05 7.12820E-05 7.13110E-05
  13925.0 2.77300E-05 5.45900E-05 7.37530E-05 7.17440E-05 7.18250E-05
  13975.0 2.62860E-05 4.78920E-05 6.16500E-05 6.11490E-05 6.18590E-05
  14025.0 2.42070E-05 3.77380E-05 4.95470E-05 4.70020E-05 4.80590E-05
  14075.0 2.21290E-05 2.22060E-05 3.72920E-05 3.28550E-05 3.42590E-05
  14125.0 1.95690E-05 2.25960E-05 3.10900E-05 2.63540E-05 2.64940E-05
  14175.0 2.25230E-05 2.43040E-05 3.62150E-05 2.83430E-05 2.66630E-05
  14225.0 2.24180E-05 3.38030E-05 3.67670E-05 3.11560E-05 2.78190E-05
  14275.0 2.43240E-05 3.95520E-05 3.83890E-05 3.37970E-05 3.92870E-05
  14325.0 2.34670E-05 2.86710E-05 4.03580E-05 4.01140E-05 3.99840E-05
  14375.0 2.55230E-05 4.04600E-05 4.58150E-05 4.23870E-05 4.84830E-05
  14425.0 2.59140E-05 3.40240E-05 3.99950E-05 3.92530E-05 3.72850E-05
  14475.0 2.61120E-05 3.36430E-05 4.63280E-05 4.49920E-05 4.70580E-05
  14525.0 2.47360E-05 3.12120E-05 3.85900E-05 3.48490E-05 3.34440E-05
  14570.0 2.32830E-05 3.30170E-05 3.46040E-05 3.10000E-05 3.19430E-05
  14620.0 2.41090E-05 3.57750E-05 3.72820E-05 3.34740E-05 3.19370E-05
  14675.0 2.51120E-05 3.13780E-05 3.57090E-05 3.33530E-05 3.11830E-05
  14725.0 2.73170E-05 4.08780E-05 4.31870E-05 4.04020E-05 3.85350E-05
  14775.0 2.55630E-05 3.67310E-05 3.70970E-05 3.46300E-05 3.57010E-05
  14825.0 2.46780E-05 3.45420E-05 3.89260E-05 3.50200E-05 3.64860E-05
  14875.0 2.78200E-05 3.83520E-05 3.98400E-05 3.62880E-05 3.75370E-05
  14925.0 2.71020E-05 4.02410E-05 4.31890E-05 4.05300E-05 4.18220E-05
  14975.0 2.64320E-05 4.06250E-05 3.97130E-05 3.61940E-05 3.71960E-05
  15025.0 2.65240E-05 3.69030E-05 3.78550E-05 3.45760E-05 3.52170E-05
  15075.0 2.62730E-05 3.78450E-05 4.02000E-05 3.69640E-05 3.70360E-05
  15125.0 2.59830E-05 3.50440E-05 4.27730E-05 4.00200E-05 3.90120E-05
  15175.0 2.40110E-05 3.18250E-05 3.93710E-05 3.75360E-05 3.68770E-05
  15225.0 2.42360E-05 3.50440E-05 4.28570E-05 4.36580E-05 4.19240E-05
  15275.0 2.41560E-05 3.00790E-05 4.61380E-05 4.66950E-05 4.44700E-05
  15325.0 2.42240E-05 3.15470E-05 4.43080E-05 4.21290E-05 4.22390E-05
  15375.0 2.33530E-05 2.98750E-05 4.89870E-05 4.74100E-05 4.71410E-05
  15425.0 2.38040E-05 3.16470E-05 4.39530E-05 4.24420E-05 4.26840E-05
  15475.0 2.42660E-05 3.38970E-05 4.72300E-05 4.60350E-05 4.74570E-05
  15525.0 2.51370E-05 3.20710E-05 4.83030E-05 4.69370E-05 4.76440E-05
  15575.0 2.58380E-05 3.05510E-05 4.42940E-05 4.36310E-05 4.04960E-05
  15625.0 2.57240E-05 3.25910E-05 4.48580E-05 4.43610E-05 4.36780E-05
  15675.0 2.78860E-05 3.79610E-05 4.75710E-05 4.81420E-05 4.61890E-05
  15725.0 2.93560E-05 3.70530E-05 5.23980E-05 5.29970E-05 5.08850E-05
  15775.0 2.71560E-05 3.27500E-05 4.05950E-05 4.13150E-05 3.82060E-05
  15825.0 2.87480E-05 3.72400E-05 4.93210E-05 4.95540E-05 4.69190E-05
  15875.0 3.06280E-05 4.07340E-05 5.03450E-05 4.95210E-05 4.79910E-05
  15925.0 3.10800E-05 4.31950E-05 5.07230E-05 5.02630E-05 4.89180E-05
  15975.0 3.06270E-05 3.75970E-05 5.37950E-05 5.29250E-05 4.75380E-05
  16050.0 3.23220E-05 4.55440E-05 5.66550E-05 5.52680E-05 5.39250E-05
  16150.0 3.43740E-05 4.96670E-05 5.36660E-05 5.30140E-05 5.15200E-05
  16250.0 3.51320E-05 4.83040E-05 5.41050E-05 5.39560E-05 5.13440E-05
  16350.0 3.68270E-05 5.34850E-05 5.95920E-05 5.86610E-05 5.60990E-05
  16450.0 3.50770E-05 5.12700E-05 5.75750E-05 5.67910E-05 5.40590E-05
  16550.0 3.77500E-05 5.58400E-05 6.06470E-05 6.11090E-05 5.75040E-05
  16650.0 3.83750E-05 5.39970E-05 6.19060E-05 5.98060E-05 5.71140E-05
  16750.0 3.92670E-05 5.31900E-05 6.13800E-05 6.02080E-05 5.52050E-05
  16850.0 3.94370E-05 5.26530E-05 5.92210E-05 5.95580E-05 5.44490E-05
  16950.0 3.70940E-05 5.31130E-05 6.01720E-05 5.81120E-05 5.52490E-05
  17050.0 3.81250E-05 5.06520E-05 6.56760E-05 6.44270E-05 5.82160E-05
  17150.0 4.15800E-05 5.66140E-05 6.77440E-05 6.69590E-05 6.07290E-05
  17250.0 4.07520E-05 5.78750E-05 6.76020E-05 6.81880E-05 6.14880E-05
  17350.0 4.18400E-05 5.94880E-05 6.58910E-05 6.42460E-05 5.84500E-05
  17450.0 4.20970E-05 5.51170E-05 6.55860E-05 6.34480E-05 5.72540E-05
  17550.0 4.10700E-05 5.48920E-05 5.83570E-05 5.68850E-05 5.29850E-05
  17650.0 4.17090E-05 5.45790E-05 6.22010E-05 6.04070E-05 5.50220E-05
  17750.0 3.53230E-05 4.28330E-05 4.36490E-05 3.78980E-05 3.73630E-05
  17850.0 3.29680E-05 4.24170E-05 3.77360E-05 3.49180E-05 3.67420E-05
  17950.0 3.70910E-05 4.50360E-05 4.98490E-05 4.42730E-05 4.31320E-05
  18050.0 3.78270E-05 4.12060E-05 5.24260E-05 4.18390E-05 3.76550E-05
  18150.0 3.68540E-05 4.82350E-05 5.25380E-05 4.66550E-05 4.35180E-05
  18250.0 3.61080E-05 4.60150E-05 4.68490E-05 4.18180E-05 4.04070E-05
  18350.0 3.64170E-05 4.56330E-05 4.51980E-05 4.10310E-05 4.02710E-05
  18450.0 3.78340E-05 4.74140E-05 4.76190E-05 4.42920E-05 4.17720E-05
  18550.0 3.92520E-05 4.91940E-05 5.00400E-05 4.75530E-05 4.32720E-05
  18650.0 4.06690E-05 5.09750E-05 5.24610E-05 5.08140E-05 4.47730E-05
  18750.0 4.20870E-05 5.26590E-05 5.48810E-05 5.39520E-05 4.62740E-05
  18850.0 4.23400E-05 5.24310E-05 5.47120E-05 5.35220E-05 4.60870E-05
  18950.0 4.24570E-05 5.22020E-05 5.45740E-05 5.30920E-05 4.58740E-05
  19050.0 4.25740E-05 5.19740E-05 5.44360E-05 5.26620E-05 4.56600E-05
  19150.0 4.26910E-05 5.17460E-05 5.42970E-05 5.22320E-05 4.54470E-05
  19250.0 4.28080E-05 5.15170E-05 5.41590E-05 5.18020E-05 4.52330E-05
  19350.0 4.19600E-05 4.60350E-05 5.00430E-05 5.13720E-05 3.78190E-05
  19450.0 4.55440E-05 5.16830E-05 4.94930E-05 5.29470E-05 4.52760E-05
  19550.0 4.34160E-05 4.54590E-05 4.36370E-05 4.06840E-05 3.79060E-05
  19650.0 4.19480E-05 4.51260E-05 4.04940E-05 4.03190E-05 3.79590E-05
  19750.0 4.11200E-05 4.24350E-05 3.84280E-05 3.89250E-05 3.50700E-05
  19850.0 4.15500E-05 4.21160E-05 4.23790E-05 4.01610E-05 3.40960E-05
  19950.0 4.05110E-05 4.10280E-05 3.95240E-05 3.72830E-05 3.32550E-05
  20050.0 4.31700E-05 4.53550E-05 4.23450E-05 4.18410E-05 3.81580E-05
  20150.0 4.27360E-05 4.30060E-05 4.31130E-05 4.04160E-05 3.62810E-05
  20250.0 4.13450E-05 4.34910E-05 3.80310E-05 3.68900E-05 3.27930E-05
  20350.0 4.39340E-05 4.60110E-05 4.20540E-05 4.07630E-05 3.62540E-05
  20450.0 4.09250E-05 4.04840E-05 3.34720E-05 3.29040E-05 2.90580E-05
  20550.0 4.17040E-05 4.12600E-05 3.71530E-05 3.46890E-05 3.01320E-05
  20650.0 4.33310E-05 4.32180E-05 3.84860E-05 3.69690E-05 3.19070E-05
  20750.0 4.16180E-05 4.11420E-05 3.60960E-05 3.51640E-05 3.10960E-05
  20850.0 4.32830E-05 4.45680E-05 3.82220E-05 3.74270E-05 3.36440E-05
  20950.0 4.25580E-05 4.14070E-05 3.62390E-05 3.42840E-05 2.99850E-05
  21050.0 4.37730E-05 4.39010E-05 3.90310E-05 3.73680E-05 3.28750E-05
  21150.0 4.16530E-05 4.16670E-05 3.46690E-05 3.31840E-05 2.94210E-05
  21250.0 4.25550E-05 4.11210E-05 3.68180E-05 3.61060E-05 3.12860E-05
  21350.0 4.11560E-05 4.28130E-05 3.45740E-05 3.45540E-05 3.05910E-05
  21450.0 4.18570E-05 3.86820E-05 3.30430E-05 3.17690E-05 2.76590E-05
  21550.0 4.20050E-05 3.92170E-05 3.38120E-05 3.23860E-05 2.90530E-05
  21650.0 4.52570E-05 3.95390E-05 3.56950E-05 3.48810E-05 3.15230E-05
  21750.0 4.25970E-05 3.78630E-05 3.35920E-05 3.19220E-05 2.88530E-05
  21850.0 4.32730E-05 3.95620E-05 3.56700E-05 3.50240E-05 3.03350E-05
  21950.0 4.25010E-05 4.00830E-05 3.41030E-05 3.39840E-05 2.98610E-05
  22050.0 4.18220E-05 3.67950E-05 3.31310E-05 3.22310E-05 2.76180E-05
  22150.0 4.42570E-05 4.20060E-05 3.46120E-05 3.46880E-05 3.00780E-05
  22250.0 4.50840E-05 3.99610E-05 3.60890E-05 3.52380E-05 3.05370E-05
  22350.0 4.38800E-05 3.84550E-05 3.33260E-05 3.17630E-05 2.80270E-05
  22450.0 4.27150E-05 3.85310E-05 3.12930E-05 2.89830E-05 2.62060E-05
  22550.0 4.29160E-05 3.80660E-05 3.31010E-05 3.13930E-05 2.82060E-05
  22650.0 4.32550E-05 3.82290E-05 3.18010E-05 3.08160E-05 2.70560E-05
  22750.0 4.32000E-05 3.84120E-05 3.21360E-05 3.07760E-05 2.70670E-05
  22850.0 4.32980E-05 3.87170E-05 3.28860E-05 3.17260E-05 2.71330E-05
  22950.0 3.23790E-05 2.95700E-05 2.00930E-05 2.25520E-05 1.83940E-05
  23050.0 3.82920E-05 3.39790E-05 2.74790E-05 2.72320E-05 2.32460E-05
  23150.0 4.03410E-05 3.37110E-05 2.81720E-05 2.66740E-05 2.25280E-05
  23250.0 3.40390E-05 2.96880E-05 2.08870E-05 2.27890E-05 1.80820E-05
  23350.0 3.72120E-05 3.11830E-05 2.43550E-05 2.49880E-05 2.03090E-05
  23450.0 3.62130E-05 3.10790E-05 2.23690E-05 2.37570E-05 1.85830E-05
  23550.0 3.37740E-05 2.83130E-05 1.91470E-05 2.07860E-05 1.64060E-05
  23650.0 3.38390E-05 2.82550E-05 2.10890E-05 2.19020E-05 1.77660E-05
  23750.0 3.46930E-05 2.98070E-05 2.08270E-05 2.15360E-05 1.67760E-05
  23850.0 3.49070E-05 2.82680E-05 1.95880E-05 2.03790E-05 1.57490E-05
  23950.0 3.41560E-05 2.97120E-05 2.05400E-05 2.14580E-05 1.71330E-05
  24050.0 3.62760E-05 2.82110E-05 2.11700E-05 2.15100E-05 1.65500E-05
  24150.0 3.34640E-05 2.67140E-05 1.75630E-05 1.85960E-05 1.44640E-05
  24250.0 3.36620E-05 2.81330E-05 2.05970E-05 2.10010E-05 1.62780E-05
  24350.0 3.25540E-05 2.69060E-05 1.95580E-05 2.14430E-05 1.63090E-05
  24450.0 3.03410E-05 2.40080E-05 1.82570E-05 1.71680E-05 1.43280E-05
  24550.0 3.30350E-05 2.51290E-05 1.99680E-05 2.17670E-05 1.74890E-05
  24650.0 3.18360E-05 2.46790E-05 1.98700E-05 2.09770E-05 1.70740E-05
  24750.0 3.14790E-05 2.22670E-05 1.72730E-05 1.81430E-05 1.58740E-05
  24850.0 3.06240E-05 2.13450E-05 1.77720E-05 1.53220E-05 1.44440E-05
  24950.0 3.05022E-05 2.12601E-05 1.77013E-05 1.52611E-05 1.43866E-05
  25050.0 3.03805E-05 2.11753E-05 1.76307E-05 1.52002E-05 1.43291E-05
  25150.0 3.02587E-05 2.10904E-05 1.75600E-05 1.51392E-05 1.42717E-05
  25250.0 3.01369E-05 2.10055E-05 1.74893E-05 1.50783E-05 1.42143E-05
  25350.0 3.00152E-05 2.09206E-05 1.74187E-05 1.50174E-05 1.41568E-05
  25450.0 2.98934E-05 2.08358E-05 1.73480E-05 1.49565E-05 1.40994E-05
  25550.0 2.97716E-05 2.07509E-05 1.72774E-05 1.48955E-05 1.40420E-05
  25650.0 2.96499E-05 2.06660E-05 1.72067E-05 1.48346E-05 1.39845E-05
  25750.0 2.95281E-05 2.05812E-05 1.71360E-05 1.47737E-05 1.39271E-05
  25850.0 2.94063E-05 2.04963E-05 1.70654E-05 1.47128E-05 1.38697E-05
  25950.0 2.92846E-05 2.04114E-05 1.69947E-05 1.46519E-05 1.38123E-05
  26050.0 2.91628E-05 2.03266E-05 1.69240E-05 1.45909E-05 1.37548E-05
  26150.0 2.90410E-05 2.02417E-05 1.68534E-05 1.45300E-05 1.36974E-05
  26250.0 2.89193E-05 2.01568E-05 1.67827E-05 1.44691E-05 1.36400E-05
  26350.0 2.87975E-05 2.00719E-05 1.67120E-05 1.44082E-05 1.35825E-05
  26450.0 2.86758E-05 1.99871E-05 1.66414E-05 1.43472E-05 1.35251E-05
  26550.0 2.85540E-05 1.99022E-05 1.65707E-05 1.42863E-05 1.34677E-05
  26650.0 2.84322E-05 1.98173E-05 1.65000E-05 1.42254E-05 1.34102E-05
  26750.0 2.83105E-05 1.97325E-05 1.64294E-05 1.41645E-05 1.33528E-05
  26850.0 2.81887E-05 1.96476E-05 1.63587E-05 1.41036E-05 1.32954E-05
  26950.0 2.80669E-05 1.95627E-05 1.62881E-05 1.40426E-05 1.32379E-05
  27050.0 2.79452E-05 1.94778E-05 1.62174E-05 1.39817E-05 1.31805E-05
  27150.0 2.78234E-05 1.93930E-05 1.61467E-05 1.39208E-05 1.31231E-05
  27250.0 2.77016E-05 1.93081E-05 1.60761E-05 1.38599E-05 1.30656E-05
  27350.0 2.75799E-05 1.92232E-05 1.60054E-05 1.37989E-05 1.30082E-05
  27450.0 2.74581E-05 1.91384E-05 1.59347E-05 1.37380E-05 1.29508E-05
  27550.0 2.73363E-05 1.90535E-05 1.58641E-05 1.36771E-05 1.28934E-05
  27650.0 2.72146E-05 1.89686E-05 1.57934E-05 1.36162E-05 1.28359E-05
  27750.0 2.70928E-05 1.88837E-05 1.57227E-05 1.35552E-05 1.27785E-05
  27850.0 2.69710E-05 1.87989E-05 1.56521E-05 1.34943E-05 1.27211E-05
  27950.0 2.68493E-05 1.87140E-05 1.55814E-05 1.34334E-05 1.26636E-05
  28050.0 2.67275E-05 1.86291E-05 1.55108E-05 1.33725E-05 1.26062E-05
  28150.0 2.66057E-05 1.85443E-05 1.54401E-05 1.33116E-05 1.25488E-05
  28250.0 2.64840E-05 1.84594E-05 1.53694E-05 1.32506E-05 1.24913E-05
  28350.0 2.63622E-05 1.83745E-05 1.52988E-05 1.31897E-05 1.24339E-05
  28450.0 2.62404E-05 1.82897E-05 1.52281E-05 1.31288E-05 1.23765E-05
  28550.0 2.61187E-05 1.82048E-05 1.51574E-05 1.30679E-05 1.23190E-05
  28650.0 2.59969E-05 1.81199E-05 1.50868E-05 1.30069E-05 1.22616E-05
  28750.0 2.58751E-05 1.80350E-05 1.50161E-05 1.29460E-05 1.22042E-05
  28850.0 2.57534E-05 1.79502E-05 1.49454E-05 1.28851E-05 1.21467E-05
  28950.0 2.56316E-05 1.78653E-05 1.48748E-05 1.28242E-05 1.20893E-05
  29050.0 2.55099E-05 1.77804E-05 1.48041E-05 1.27633E-05 1.20319E-05
  29150.0 2.53881E-05 1.76956E-05 1.47334E-05 1.27023E-05 1.19744E-05
  29250.0 2.52663E-05 1.76107E-05 1.46628E-05 1.26414E-05 1.19170E-05
  29350.0 2.51446E-05 1.75258E-05 1.45921E-05 1.25805E-05 1.18596E-05
  29450.0 2.50228E-05 1.74409E-05 1.45215E-05 1.25196E-05 1.18022E-05
  29550.0 2.49010E-05 1.73561E-05 1.44508E-05 1.24586E-05 1.17447E-05
  29650.0 2.47793E-05 1.72712E-05 1.43801E-05 1.23977E-05 1.16873E-05
  29750.0 2.46575E-05 1.71863E-05 1.43095E-05 1.23368E-05 1.16299E-05
  29850.0 2.45357E-05 1.71015E-05 1.42388E-05 1.22759E-05 1.15724E-05
  29950.0 2.44140E-05 1.70166E-05 1.41681E-05 1.22150E-05 1.15150E-05
  30050.0 2.42922E-05 1.69317E-05 1.40975E-05 1.21540E-05 1.14576E-05
  30150.0 2.41704E-05 1.68468E-05 1.40268E-05 1.20931E-05 1.14001E-05
  30250.0 2.40487E-05 1.67620E-05 1.39561E-05 1.20322E-05 1.13427E-05
  30350.0 2.39269E-05 1.66771E-05 1.38855E-05 1.19713E-05 1.12853E-05
  30450.0 2.38051E-05 1.65922E-05 1.38148E-05 1.19103E-05 1.12278E-05
  30550.0 2.36834E-05 1.65074E-05 1.37442E-05 1.18494E-05 1.11704E-05
  30650.0 2.35616E-05 1.64225E-05 1.36735E-05 1.17885E-05 1.11130E-05
  30750.0 2.34398E-05 1.63376E-05 1.36028E-05 1.17276E-05 1.10555E-05
  30850.0 2.33181E-05 1.62528E-05 1.35322E-05 1.16667E-05 1.09981E-05
  30950.0 2.31963E-05 1.61679E-05 1.34615E-05 1.16057E-05 1.09407E-05
  31050.0 2.30745E-05 1.60830E-05 1.33908E-05 1.15448E-05 1.08833E-05
  31150.0 2.29528E-05 1.59981E-05 1.33202E-05 1.14839E-05 1.08258E-05
  31250.0 2.28310E-05 1.59133E-05 1.32495E-05 1.14230E-05 1.07684E-05
  31350.0 2.27092E-05 1.58284E-05 1.31788E-05 1.13620E-05 1.07110E-05
  31450.0 2.25875E-05 1.57435E-05 1.31082E-05 1.13011E-05 1.06535E-05
  31550.0 2.24657E-05 1.56587E-05 1.30375E-05 1.12402E-05 1.05961E-05
  31650.0 2.23440E-05 1.55738E-05 1.29668E-05 1.11793E-05 1.05387E-05
  31750.0 2.22222E-05 1.54889E-05 1.28962E-05 1.11183E-05 1.04812E-05
  31850.0 2.21004E-05 1.54040E-05 1.28255E-05 1.10574E-05 1.04238E-05
  31950.0 2.19787E-05 1.53192E-05 1.27549E-05 1.09965E-05 1.03664E-05
  32100.0 2.17960E-05 1.51919E-05 1.26489E-05 1.09051E-05 1.02802E-05
  32300.0 2.15525E-05 1.50221E-05 1.25075E-05 1.07833E-05 1.01654E-05
  32500.0 2.13089E-05 1.48524E-05 1.23662E-05 1.06614E-05 1.00505E-05
  32700.0 2.10654E-05 1.46826E-05 1.22249E-05 1.05396E-05 9.93563E-06
  32900.0 2.08219E-05 1.45129E-05 1.20835E-05 1.04177E-05 9.82077E-06
  33100.0 2.05784E-05 1.43432E-05 1.19422E-05 1.02959E-05 9.70591E-06
  33300.0 2.03348E-05 1.41734E-05 1.18009E-05 1.01741E-05 9.59105E-06
  33500.0 2.00913E-05 1.40037E-05 1.16596E-05 1.00522E-05 9.47618E-06
  33700.0 1.98478E-05 1.38339E-05 1.15182E-05 9.93036E-06 9.36132E-06
  33900.0 1.96042E-05 1.36642E-05 1.13769E-05 9.80852E-06 9.24646E-06
  34100.0 1.93607E-05 1.34945E-05 1.12356E-05 9.68667E-06 9.13159E-06
  34300.0 1.91172E-05 1.33247E-05 1.10943E-05 9.56483E-06 9.01673E-06
  34500.0 1.88736E-05 1.31550E-05 1.09529E-05 9.44298E-06 8.90187E-06
  34700.0 1.86301E-05 1.29852E-05 1.08116E-05 9.32114E-06 8.78701E-06
  34900.0 1.83866E-05 1.28155E-05 1.06703E-05 9.19929E-06 8.67214E-06
  35100.0 1.81430E-05 1.26457E-05 1.05289E-05 9.07745E-06 8.55728E-06
  35300.0 1.78995E-05 1.24760E-05 1.03876E-05 8.95560E-06 8.44242E-06
  35500.0 1.76560E-05 1.23063E-05 1.02463E-05 8.83376E-06 8.32755E-06
  35700.0 1.74125E-05 1.21365E-05 1.01050E-05 8.71191E-06 8.21269E-06
  35900.0 1.71689E-05 1.19668E-05 9.96363E-06 8.59007E-06 8.09783E-06
  36100.0 1.69254E-05 1.17970E-05 9.82230E-06 8.46822E-06 7.98297E-06
  36300.0 1.66819E-05 1.16273E-05 9.68097E-06 8.34638E-06 7.86810E-06
  36500.0 1.64383E-05 1.14576E-05 9.53964E-06 8.22453E-06 7.75324E-06
  36700.0 1.61948E-05 1.12878E-05 9.39831E-06 8.10269E-06 7.63838E-06
  36900.0 1.59513E-05 1.11181E-05 9.25699E-06 7.98084E-06 7.52351E-06
  37100.0 1.57077E-05 1.09483E-05 9.11566E-06 7.85900E-06 7.40865E-06
  37300.0 1.54642E-05 1.07786E-05 8.97433E-06 7.73715E-06 7.29379E-06
  37500.0 1.52207E-05 1.06088E-05 8.83300E-06 7.61531E-06 7.17893E-06
  37700.0 1.49771E-05 1.04391E-05 8.69167E-06 7.49346E-06 7.06406E-06
  37900.0 1.47336E-05 1.02694E-05 8.55035E-06 7.37162E-06 6.94920E-06
  38100.0 1.44901E-05 1.00996E-05 8.40902E-06 7.24977E-06 6.83434E-06
  38300.0 1.42466E-05 9.92988E-06 8.26769E-06 7.12793E-06 6.71948E-06
  38500.0 1.40030E-05 9.76014E-06 8.12636E-06 7.00608E-06 6.60461E-06
  38700.0 1.37595E-05 9.59040E-06 7.98503E-06 6.88424E-06 6.48975E-06
  38900.0 1.35160E-05 9.42066E-06 7.84371E-06 6.76239E-06 6.37489E-06
  39100.0 1.32724E-05 9.25091E-06 7.70238E-06 6.64055E-06 6.26002E-06
  39300.0 1.30289E-05 9.08117E-06 7.56105E-06 6.51870E-06 6.14516E-06
  39500.0 1.27854E-05 8.91143E-06 7.41972E-06 6.39686E-06 6.03030E-06
  39700.0 1.25418E-05 8.74169E-06 7.27839E-06 6.27501E-06 5.91544E-06
  39900.0 1.22983E-05 8.57195E-06 7.13707E-06 6.15317E-06 5.80057E-06
  40100.0 1.20548E-05 8.40221E-06 6.99574E-06 6.03132E-06 5.68571E-06
  40300.0 1.18112E-05 8.23247E-06 6.85441E-06 5.90948E-06 5.57085E-06
  40500.0 1.15677E-05 8.06272E-06 6.71308E-06 5.78763E-06 5.45598E-06
  40700.0 1.13242E-05 7.89298E-06 6.57175E-06 5.66579E-06 5.34112E-06
  40900.0 1.10807E-05 7.72324E-06 6.43043E-06 5.54394E-06 5.22626E-06
  41100.0 1.08371E-05 7.55350E-06 6.28910E-06 5.42210E-06 5.11140E-06
  41300.0 1.05936E-05 7.38376E-06 6.14777E-06 5.30025E-06 4.99653E-06
  41500.0 1.03501E-05 7.21402E-06 6.00644E-06 5.17841E-06 4.88167E-06
  41700.0 1.01065E-05 7.04427E-06 5.86511E-06 5.05656E-06 4.76681E-06
  41900.0 9.86300E-06 6.87453E-06 5.72379E-06 4.93472E-06 4.65194E-06
  42100.0 9.61947E-06 6.70479E-06 5.58246E-06 4.81287E-06 4.53708E-06
  42300.0 9.37594E-06 6.53505E-06 5.44113E-06 4.69103E-06 4.42222E-06
  42500.0 9.13241E-06 6.36531E-06 5.29980E-06 4.56918E-06 4.30736E-06
  42700.0 8.88887E-06 6.19557E-06 5.15847E-06 4.44734E-06 4.19249E-06
  42900.0 8.64534E-06 6.02583E-06 5.01714E-06 4.32549E-06 4.07763E-06
  43100.0 8.40181E-06 5.85608E-06 4.87582E-06 4.20365E-06 3.96277E-06
  43300.0 8.15828E-06 5.68634E-06 4.73449E-06 4.08181E-06 3.84790E-06
  43500.0 7.91475E-06 5.51660E-06 4.59316E-06 3.95996E-06 3.73304E-06
  43700.0 7.67122E-06 5.34686E-06 4.45183E-06 3.83812E-06 3.61818E-06
  43900.0 7.42769E-06 5.17712E-06 4.31050E-06 3.71627E-06 3.50332E-06
  44100.0 7.18416E-06 5.00738E-06 4.16918E-06 3.59443E-06 3.38845E-06
  44300.0 6.94063E-06 4.83763E-06 4.02785E-06 3.47258E-06 3.27359E-06
  44500.0 6.69710E-06 4.66789E-06 3.88652E-06 3.35074E-06 3.15873E-06
  44700.0 6.45357E-06 4.49815E-06 3.74519E-06 3.22889E-06 3.04386E-06
  44900.0 6.21004E-06 4.32841E-06 3.60386E-06 3.10705E-06 2.92900E-06
  45100.0 5.96650E-06 4.15867E-06 3.46254E-06 2.98520E-06 2.81414E-06
  45300.0 5.72297E-06 3.98893E-06 3.32121E-06 2.86336E-06 2.69928E-06
  45500.0 5.47944E-06 3.81919E-06 3.17988E-06 2.74151E-06 2.58441E-06
  45700.0 5.23591E-06 3.64944E-06 3.03855E-06 2.61967E-06 2.46955E-06
  45900.0 4.99238E-06 3.47970E-06 2.89722E-06 2.49782E-06 2.35469E-06
  46100.0 4.74885E-06 3.30996E-06 2.75590E-06 2.37598E-06 2.23982E-06
  46300.0 4.50532E-06 3.14022E-06 2.61457E-06 2.25413E-06 2.12496E-06
  46500.0 4.26179E-06 2.97048E-06 2.47324E-06 2.13229E-06 2.01010E-06
  46700.0 4.01826E-06 2.80074E-06 2.33191E-06 2.01044E-06 1.89524E-06
  46900.0 3.77473E-06 2.63099E-06 2.19058E-06 1.88860E-06 1.78037E-06
  47100.0 3.53120E-06 2.46125E-06 2.04926E-06 1.76675E-06 1.66551E-06
  47300.0 3.28767E-06 2.29151E-06 1.90793E-06 1.64491E-06 1.55065E-06
  47500.0 3.04414E-06 2.12177E-06 1.76660E-06 1.52306E-06 1.43579E-06
  47700.0 2.80060E-06 1.95203E-06 1.62527E-06 1.40122E-06 1.32092E-06
  47900.0 2.55707E-06 1.78229E-06 1.48394E-06 1.27937E-06 1.20606E-06
  48100.0 2.31354E-06 1.61254E-06 1.34262E-06 1.15753E-06 1.09120E-06
  48300.0 2.07001E-06 1.44280E-06 1.20129E-06 1.03568E-06 9.76334E-07
  48500.0 1.82648E-06 1.27306E-06 1.05996E-06 9.13837E-07 8.61471E-07
  48700.0 1.58295E-06 1.10332E-06 9.18632E-07 7.91992E-07 7.46608E-07
  48900.0 1.33942E-06 9.33579E-07 7.77304E-07 6.70147E-07 6.31745E-07
  49100.0 1.09589E-06 7.63837E-07 6.35976E-07 5.48302E-07 5.16883E-07
  49300.0 8.52358E-07 5.94095E-07 4.94648E-07 4.26457E-07 4.02020E-07
  49500.0 6.08827E-07 4.24354E-07 3.53320E-07 3.04612E-07 2.87157E-07
  49700.0 3.65296E-07 2.54612E-07 2.11992E-07 1.82767E-07 1.72294E-07
  49900.0 1.21765E-07 8.48708E-08 7.06640E-08 6.09225E-08 5.74314E-08
  50100.0 0.00000E+00 0.00000E+00 0.00000E+00 0.00000E+00 0.00000E+00
  50300.0 0.00000E+00 0.00000E+00 0.00000E+00 0.00000E+00 0.00000E+00
  50500.0 0.00000E+00 0.00000E+00 0.00000E+00 0.00000E+00 0.00000E+00
  50700.0 0.00000E+00 0.00000E+00 0.00000E+00 0.00000E+00 0.00000E+00
  50900.0 0.00000E+00 0.00000E+00 0.00000E+00 0.00000E+00 0.00000E+00
  51100.0 0.00000E+00 0.00000E+00 0.00000E+00 0.00000E+00 0.00000E+00
  51300.0 0.00000E+00 0.00000E+00 0.00000E+00 0.00000E+00 0.00000E+00
  51500.0 0.00000E+00 0.00000E+00 0.00000E+00 0.00000E+00 0.00000E+00
  51700.0 0.00000E+00 0.00000E+00 0.00000E+00 0.00000E+00 0.00000E+00
  51900.0 0.00000E+00 0.00000E+00 0.00000E+00 0.00000E+00 0.00000E+00
  52100.0 0.00000E+00 0.00000E+00 0.00000E+00 0.00000E+00 0.00000E+00
  52300.0 0.00000E+00 0.00000E+00 0.00000E+00 0.00000E+00 0.00000E+00
  52500.0 0.00000E+00 0.00000E+00 0.00000E+00 0.00000E+00 0.00000E+00
  52700.0 0.00000E+00 0.00000E+00 0.00000E+00 0.00000E+00 0.00000E+00
  52900.0 0.00000E+00 0.00000E+00 0.00000E+00 0.00000E+00 0.00000E+00
  53100.0 0.00000E+00 0.00000E+00 0.00000E+00 0.00000E+00 0.00000E+00
  53300.0 0.00000E+00 0.00000E+00 0.00000E+00 0.00000E+00 0.00000E+00
  53500.0 0.00000E+00 0.00000E+00 0.00000E+00 0.00000E+00 0.00000E+00
  53700.0 0.00000E+00 0.00000E+00 0.00000E+00 0.00000E+00 0.00000E+00
  53900.0 0.00000E+00 0.00000E+00 0.00000E+00 0.00000E+00 0.00000E+00
  54100.0 0.00000E+00 0.00000E+00 0.00000E+00 0.00000E+00 0.00000E+00
  54300.0 0.00000E+00 0.00000E+00 0.00000E+00 0.00000E+00 0.00000E+00
  54500.0 0.00000E+00 0.00000E+00 0.00000E+00 0.00000E+00 0.00000E+00
  54700.0 0.00000E+00 0.00000E+00 0.00000E+00 0.00000E+00 0.00000E+00
  54900.0 0.00000E+00 0.00000E+00 0.00000E+00 0.00000E+00 0.00000E+00
  55100.0 0.00000E+00 0.00000E+00 0.00000E+00 0.00000E+00 0.00000E+00
  55300.0 0.00000E+00 0.00000E+00 0.00000E+00 0.00000E+00 0.00000E+00
  55500.0 0.00000E+00 0.00000E+00 0.00000E+00 0.00000E+00 0.00000E+00
  55700.0 0.00000E+00 0.00000E+00 0.00000E+00 0.00000E+00 0.00000E+00
  55900.0 0.00000E+00 0.00000E+00 0.00000E+00 0.00000E+00 0.00000E+00
  56100.0 0.00000E+00 0.00000E+00 0.00000E+00 0.00000E+00 0.00000E+00
  56300.0 0.00000E+00 0.00000E+00 0.00000E+00 0.00000E+00 0.00000E+00
  56500.0 0.00000E+00 0.00000E+00 0.00000E+00 0.00000E+00 0.00000E+00
  56700.0 0.00000E+00 0.00000E+00 0.00000E+00 0.00000E+00 0.00000E+00
  56900.0 0.00000E+00 0.00000E+00 0.00000E+00 0.00000E+00 0.00000E+00
  57100.0 0.00000E+00 0.00000E+00 0.00000E+00 0.00000E+00 0.00000E+00
  57300.0 0.00000E+00 0.00000E+00 0.00000E+00 0.00000E+00 0.00000E+00
  57500.0 0.00000E+00 0.00000E+00 0.00000E+00 0.00000E+00 0.00000E+00
  57700.0 0.00000E+00 0.00000E+00 0.00000E+00 0.00000E+00 0.00000E+00
  57900.0 0.00000E+00 0.00000E+00 0.00000E+00 0.00000E+00 0.00000E+00
  58100.0 0.00000E+00 0.00000E+00 0.00000E+00 0.00000E+00 0.00000E+00
  58300.0 0.00000E+00 0.00000E+00 0.00000E+00 0.00000E+00 0.00000E+00
  58500.0 0.00000E+00 0.00000E+00 0.00000E+00 0.00000E+00 0.00000E+00
  58700.0 0.00000E+00 0.00000E+00 0.00000E+00 0.00000E+00 0.00000E+00
  58900.0 0.00000E+00 0.00000E+00 0.00000E+00 0.00000E+00 0.00000E+00
  59100.0 0.00000E+00 0.00000E+00 0.00000E+00 0.00000E+00 0.00000E+00
  59300.0 0.00000E+00 0.00000E+00 0.00000E+00 0.00000E+00 0.00000E+00
  59500.0 0.00000E+00 0.00000E+00 0.00000E+00 0.00000E+00 0.00000E+00
  59700.0 0.00000E+00 0.00000E+00 0.00000E+00 0.00000E+00 0.00000E+00
  59900.0 0.00000E+00 0.00000E+00 0.00000E+00 0.00000E+00 0.00000E+00
  60100.0 0.00000E+00 0.00000E+00 0.00000E+00 0.00000E+00 0.00000E+00
  60300.0 0.00000E+00 0.00000E+00 0.00000E+00 0.00000E+00 0.00000E+00
  60500.0 0.00000E+00 0.00000E+00 0.00000E+00 0.00000E+00 0.00000E+00
  60700.0 0.00000E+00 0.00000E+00 0.00000E+00 0.00000E+00 0.00000E+00
  60900.0 0.00000E+00 0.00000E+00 0.00000E+00 0.00000E+00 0.00000E+00
  61100.0 0.00000E+00 0.00000E+00 0.00000E+00 0.00000E+00 0.00000E+00
  61300.0 0.00000E+00 0.00000E+00 0.00000E+00 0.00000E+00 0.00000E+00
  61500.0 0.00000E+00 0.00000E+00 0.00000E+00 0.00000E+00 0.00000E+00
  61700.0 0.00000E+00 0.00000E+00 0.00000E+00 0.00000E+00 0.00000E+00
  61900.0 0.00000E+00 0.00000E+00 0.00000E+00 0.00000E+00 0.00000E+00
  62100.0 0.00000E+00 0.00000E+00 0.00000E+00 0.00000E+00 0.00000E+00
  62300.0 0.00000E+00 0.00000E+00 0.00000E+00 0.00000E+00 0.00000E+00
  62500.0 0.00000E+00 0.00000E+00 0.00000E+00 0.00000E+00 0.00000E+00
  62700.0 0.00000E+00 0.00000E+00 0.00000E+00 0.00000E+00 0.00000E+00
  62900.0 0.00000E+00 0.00000E+00 0.00000E+00 0.00000E+00 0.00000E+00
  63100.0 0.00000E+00 0.00000E+00 0.00000E+00 0.00000E+00 0.00000E+00
  63300.0 0.00000E+00 0.00000E+00 0.00000E+00 0.00000E+00 0.00000E+00
  63500.0 0.00000E+00 0.00000E+00 0.00000E+00 0.00000E+00 0.00000E+00
  63700.0 0.00000E+00 0.00000E+00 0.00000E+00 0.00000E+00 0.00000E+00
  63900.0 0.00000E+00 0.00000E+00 0.00000E+00 0.00000E+00 0.00000E+00
  64200.0 0.00000E+00 0.00000E+00 0.00000E+00 0.00000E+00 0.00000E+00
  64600.0 0.00000E+00 0.00000E+00 0.00000E+00 0.00000E+00 0.00000E+00
  65000.0 0.00000E+00 0.00000E+00 0.00000E+00 0.00000E+00 0.00000E+00
  65400.0 0.00000E+00 0.00000E+00 0.00000E+00 0.00000E+00 0.00000E+00
  65800.0 0.00000E+00 0.00000E+00 0.00000E+00 0.00000E+00 0.00000E+00
  66200.0 0.00000E+00 0.00000E+00 0.00000E+00 0.00000E+00 0.00000E+00
  66600.0 0.00000E+00 0.00000E+00 0.00000E+00 0.00000E+00 0.00000E+00
  67000.0 0.00000E+00 0.00000E+00 0.00000E+00 0.00000E+00 0.00000E+00
  67400.0 0.00000E+00 0.00000E+00 0.00000E+00 0.00000E+00 0.00000E+00
  67800.0 0.00000E+00 0.00000E+00 0.00000E+00 0.00000E+00 0.00000E+00
  68200.0 0.00000E+00 0.00000E+00 0.00000E+00 0.00000E+00 0.00000E+00
  68600.0 0.00000E+00 0.00000E+00 0.00000E+00 0.00000E+00 0.00000E+00
  69000.0 0.00000E+00 0.00000E+00 0.00000E+00 0.00000E+00 0.00000E+00
  69400.0 0.00000E+00 0.00000E+00 0.00000E+00 0.00000E+00 0.00000E+00
  69800.0 0.00000E+00 0.00000E+00 0.00000E+00 0.00000E+00 0.00000E+00
  70200.0 0.00000E+00 0.00000E+00 0.00000E+00 0.00000E+00 0.00000E+00
  70600.0 0.00000E+00 0.00000E+00 0.00000E+00 0.00000E+00 0.00000E+00
  71000.0 0.00000E+00 0.00000E+00 0.00000E+00 0.00000E+00 0.00000E+00
  71400.0 0.00000E+00 0.00000E+00 0.00000E+00 0.00000E+00 0.00000E+00
  71800.0 0.00000E+00 0.00000E+00 0.00000E+00 0.00000E+00 0.00000E+00
  72200.0 0.00000E+00 0.00000E+00 0.00000E+00 0.00000E+00 0.00000E+00
  72600.0 0.00000E+00 0.00000E+00 0.00000E+00 0.00000E+00 0.00000E+00
  73000.0 0.00000E+00 0.00000E+00 0.00000E+00 0.00000E+00 0.00000E+00
  73400.0 0.00000E+00 0.00000E+00 0.00000E+00 0.00000E+00 0.00000E+00
  73800.0 0.00000E+00 0.00000E+00 0.00000E+00 0.00000E+00 0.00000E+00
  74200.0 0.00000E+00 0.00000E+00 0.00000E+00 0.00000E+00 0.00000E+00
  74600.0 0.00000E+00 0.00000E+00 0.00000E+00 0.00000E+00 0.00000E+00
  75000.0 0.00000E+00 0.00000E+00 0.00000E+00 0.00000E+00 0.00000E+00
  75400.0 0.00000E+00 0.00000E+00 0.00000E+00 0.00000E+00 0.00000E+00
  75800.0 0.00000E+00 0.00000E+00 0.00000E+00 0.00000E+00 0.00000E+00
  76200.0 0.00000E+00 0.00000E+00 0.00000E+00 0.00000E+00 0.00000E+00
  76600.0 0.00000E+00 0.00000E+00 0.00000E+00 0.00000E+00 0.00000E+00
  77000.0 0.00000E+00 0.00000E+00 0.00000E+00 0.00000E+00 0.00000E+00
  77400.0 0.00000E+00 0.00000E+00 0.00000E+00 0.00000E+00 0.00000E+00
  77800.0 0.00000E+00 0.00000E+00 0.00000E+00 0.00000E+00 0.00000E+00
  78200.0 0.00000E+00 0.00000E+00 0.00000E+00 0.00000E+00 0.00000E+00
  78600.0 0.00000E+00 0.00000E+00 0.00000E+00 0.00000E+00 0.00000E+00
  79000.0 0.00000E+00 0.00000E+00 0.00000E+00 0.00000E+00 0.00000E+00
  79400.0 0.00000E+00 0.00000E+00 0.00000E+00 0.00000E+00 0.00000E+00
  79800.0 0.00000E+00 0.00000E+00 0.00000E+00 0.00000E+00 0.00000E+00
  80200.0 0.00000E+00 0.00000E+00 0.00000E+00 0.00000E+00 0.00000E+00
  80600.0 0.00000E+00 0.00000E+00 0.00000E+00 0.00000E+00 0.00000E+00
  81000.0 0.00000E+00 0.00000E+00 0.00000E+00 0.00000E+00 0.00000E+00
  81400.0 0.00000E+00 0.00000E+00 0.00000E+00 0.00000E+00 0.00000E+00
  81800.0 0.00000E+00 0.00000E+00 0.00000E+00 0.00000E+00 0.00000E+00
  82200.0 0.00000E+00 0.00000E+00 0.00000E+00 0.00000E+00 0.00000E+00
  82600.0 0.00000E+00 0.00000E+00 0.00000E+00 0.00000E+00 0.00000E+00
  83000.0 0.00000E+00 0.00000E+00 0.00000E+00 0.00000E+00 0.00000E+00
  83400.0 0.00000E+00 0.00000E+00 0.00000E+00 0.00000E+00 0.00000E+00
  83800.0 0.00000E+00 0.00000E+00 0.00000E+00 0.00000E+00 0.00000E+00
  84200.0 0.00000E+00 0.00000E+00 0.00000E+00 0.00000E+00 0.00000E+00
  84600.0 0.00000E+00 0.00000E+00 0.00000E+00 0.00000E+00 0.00000E+00
  85000.0 0.00000E+00 0.00000E+00 0.00000E+00 0.00000E+00 0.00000E+00
  85400.0 0.00000E+00 0.00000E+00 0.00000E+00 0.00000E+00 0.00000E+00
  85800.0 0.00000E+00 0.00000E+00 0.00000E+00 0.00000E+00 0.00000E+00
  86200.0 0.00000E+00 0.00000E+00 0.00000E+00 0.00000E+00 0.00000E+00
  86600.0 0.00000E+00 0.00000E+00 0.00000E+00 0.00000E+00 0.00000E+00
  87000.0 0.00000E+00 0.00000E+00 0.00000E+00 0.00000E+00 0.00000E+00
  87400.0 0.00000E+00 0.00000E+00 0.00000E+00 0.00000E+00 0.00000E+00
  87800.0 0.00000E+00 0.00000E+00 0.00000E+00 0.00000E+00 0.00000E+00
  88200.0 0.00000E+00 0.00000E+00 0.00000E+00 0.00000E+00 0.00000E+00
  88600.0 0.00000E+00 0.00000E+00 0.00000E+00 0.00000E+00 0.00000E+00
  89000.0 0.00000E+00 0.00000E+00 0.00000E+00 0.00000E+00 0.00000E+00
  89400.0 0.00000E+00 0.00000E+00 0.00000E+00 0.00000E+00 0.00000E+00
  89800.0 0.00000E+00 0.00000E+00 0.00000E+00 0.00000E+00 0.00000E+00
  90200.0 0.00000E+00 0.00000E+00 0.00000E+00 0.00000E+00 0.00000E+00
  90600.0 0.00000E+00 0.00000E+00 0.00000E+00 0.00000E+00 0.00000E+00
  91000.0 0.00000E+00 0.00000E+00 0.00000E+00 0.00000E+00 0.00000E+00
  91400.0 0.00000E+00 0.00000E+00 0.00000E+00 0.00000E+00 0.00000E+00
  91800.0 0.00000E+00 0.00000E+00 0.00000E+00 0.00000E+00 0.00000E+00
  92200.0 0.00000E+00 0.00000E+00 0.00000E+00 0.00000E+00 0.00000E+00
  92600.0 0.00000E+00 0.00000E+00 0.00000E+00 0.00000E+00 0.00000E+00
  93000.0 0.00000E+00 0.00000E+00 0.00000E+00 0.00000E+00 0.00000E+00
  93400.0 0.00000E+00 0.00000E+00 0.00000E+00 0.00000E+00 0.00000E+00
  93800.0 0.00000E+00 0.00000E+00 0.00000E+00 0.00000E+00 0.00000E+00
  94200.0 0.00000E+00 0.00000E+00 0.00000E+00 0.00000E+00 0.00000E+00
  94600.0 0.00000E+00 0.00000E+00 0.00000E+00 0.00000E+00 0.00000E+00
  95000.0 0.00000E+00 0.00000E+00 0.00000E+00 0.00000E+00 0.00000E+00
  95400.0 0.00000E+00 0.00000E+00 0.00000E+00 0.00000E+00 0.00000E+00
  95800.0 0.00000E+00 0.00000E+00 0.00000E+00 0.00000E+00 0.00000E+00
  96200.0 0.00000E+00 0.00000E+00 0.00000E+00 0.00000E+00 0.00000E+00
  96600.0 0.00000E+00 0.00000E+00 0.00000E+00 0.00000E+00 0.00000E+00
  97000.0 0.00000E+00 0.00000E+00 0.00000E+00 0.00000E+00 0.00000E+00
  97400.0 0.00000E+00 0.00000E+00 0.00000E+00 0.00000E+00 0.00000E+00
  97800.0 0.00000E+00 0.00000E+00 0.00000E+00 0.00000E+00 0.00000E+00
  98200.0 0.00000E+00 0.00000E+00 0.00000E+00 0.00000E+00 0.00000E+00
  98600.0 0.00000E+00 0.00000E+00 0.00000E+00 0.00000E+00 0.00000E+00
  99000.0 0.00000E+00 0.00000E+00 0.00000E+00 0.00000E+00 0.00000E+00
  99400.0 0.00000E+00 0.00000E+00 0.00000E+00 0.00000E+00 0.00000E+00
  99800.0 0.00000E+00 0.00000E+00 0.00000E+00 0.00000E+00 0.00000E+00
 100200.0 0.00000E+00 0.00000E+00 0.00000E+00 0.00000E+00 0.00000E+00
 200000.0 0.00000E+00 0.00000E+00 0.00000E+00 0.00000E+00 0.00000E+00
 400000.0 0.00000E+00 0.00000E+00 0.00000E+00 0.00000E+00 0.00000E+00
 600000.0 0.00000E+00 0.00000E+00 0.00000E+00 0.00000E+00 0.00000E+00
 800000.0 0.00000E+00 0.00000E+00 0.00000E+00 0.00000E+00 0.00000E+00
1000000.0 0.00000E+00 0.00000E+00 0.00000E+00 0.00000E+00 0.00000E+00
1200000.0 0.00000E+00 0.00000E+00 0.00000E+00 0.00000E+00 0.00000E+00
1400000.0 0.00000E+00 0.00000E+00 0.00000E+00 0.00000E+00 0.00000E+00
1600000.0 0.00000E+00 0.00000E+00 0.00000E+00 0.00000E+00 0.00000E+00
