   3702. 0.00000E+00 0.00000E+00 0.00000E+00 0.00000E+00 0.00000E+00
   3705. 0.00000E+00 0.00000E+00 0.00000E+00 0.00000E+00 0.00000E+00
   3708. 0.00000E+00 0.00000E+00 0.00000E+00 0.00000E+00 0.00000E+00
   3711. 0.00000E+00 0.00000E+00 0.00000E+00 0.00000E+00 0.00000E+00
   3713. 0.00000E+00 0.00000E+00 0.00000E+00 0.00000E+00 0.00000E+00
   3716. 0.00000E+00 0.00000E+00 0.00000E+00 0.00000E+00 0.00000E+00
   3719. 0.00000E+00 0.00000E+00 0.00000E+00 0.00000E+00 0.00000E+00
   3721. 0.00000E+00 0.00000E+00 0.00000E+00 0.00000E+00 0.00000E+00
   3724. 0.00000E+00 0.00000E+00 0.00000E+00 0.00000E+00 0.00000E+00
   3727. 0.00000E+00 0.00000E+00 0.00000E+00 0.00000E+00 0.00000E+00
   3730. 0.00000E+00 0.00000E+00 0.00000E+00 0.00000E+00 0.00000E+00
   3732. 0.00000E+00 0.00000E+00 0.00000E+00 0.00000E+00 0.00000E+00
   3735. 0.00000E+00 0.00000E+00 0.00000E+00 0.00000E+00 0.00000E+00
   3738. 0.00000E+00 0.00000E+00 0.00000E+00 0.00000E+00 0.00000E+00
   3740. 0.00000E+00 0.00000E+00 0.00000E+00 0.00000E+00 0.00000E+00
   3743. 0.00000E+00 0.00000E+00 0.00000E+00 0.00000E+00 0.00000E+00
   3746. 0.00000E+00 0.00000E+00 0.00000E+00 0.00000E+00 0.00000E+00
   3748. 0.00000E+00 0.00000E+00 0.00000E+00 0.00000E+00 0.00000E+00
   3751. 0.00000E+00 0.00000E+00 0.00000E+00 0.00000E+00 0.00000E+00
   3754. 0.00000E+00 0.00000E+00 0.00000E+00 0.00000E+00 0.00000E+00
   3756. 0.00000E+00 0.00000E+00 0.00000E+00 0.00000E+00 0.00000E+00
   3759. 0.00000E+00 0.00000E+00 0.00000E+00 0.00000E+00 0.00000E+00
   3762. 0.00000E+00 0.00000E+00 0.00000E+00 0.00000E+00 0.00000E+00
   3765. 0.00000E+00 0.00000E+00 0.00000E+00 0.00000E+00 0.00000E+00
   3767. 0.00000E+00 0.00000E+00 0.00000E+00 0.00000E+00 0.00000E+00
   3770. 0.00000E+00 0.00000E+00 0.00000E+00 0.00000E+00 0.00000E+00
   3773. 0.00000E+00 0.00000E+00 0.00000E+00 0.00000E+00 0.00000E+00
   3775. 0.00000E+00 0.00000E+00 0.00000E+00 0.00000E+00 0.00000E+00
   3778. 0.00000E+00 0.00000E+00 0.00000E+00 0.00000E+00 0.00000E+00
   3781. 0.00000E+00 0.00000E+00 0.00000E+00 0.00000E+00 0.00000E+00
   3784. 0.00000E+00 0.00000E+00 0.00000E+00 0.00000E+00 0.00000E+00
   3786. 0.00000E+00 0.00000E+00 0.00000E+00 0.00000E+00 0.00000E+00
   3789. 0.00000E+00 0.00000E+00 0.00000E+00 0.00000E+00 0.00000E+00
   3792. 0.00000E+00 0.00000E+00 0.00000E+00 0.00000E+00 0.00000E+00
   3794. 0.00000E+00 0.00000E+00 0.00000E+00 0.00000E+00 0.00000E+00
   3797. 0.00000E+00 0.00000E+00 0.00000E+00 0.00000E+00 0.00000E+00
   3800. 0.00000E+00 0.00000E+00 0.00000E+00 0.00000E+00 0.00000E+00
   3802. 0.00000E+00 0.00000E+00 0.00000E+00 0.00000E+00 0.00000E+00
   3805. 0.00000E+00 0.00000E+00 0.00000E+00 0.00000E+00 0.00000E+00
   3808. 0.00000E+00 0.00000E+00 0.00000E+00 0.00000E+00 0.00000E+00
   3810. 0.00000E+00 0.00000E+00 0.00000E+00 0.00000E+00 0.00000E+00
   3813. 0.00000E+00 0.00000E+00 0.00000E+00 0.00000E+00 0.00000E+00
   3816. 0.00000E+00 0.00000E+00 0.00000E+00 0.00000E+00 0.00000E+00
   3819. 0.00000E+00 0.00000E+00 0.00000E+00 0.00000E+00 0.00000E+00
   3821. 0.00000E+00 0.00000E+00 0.00000E+00 0.00000E+00 0.00000E+00
   3824. 0.00000E+00 0.00000E+00 0.00000E+00 0.00000E+00 0.00000E+00
   3827. 0.00000E+00 0.00000E+00 0.00000E+00 0.00000E+00 0.00000E+00
   3829. 0.00000E+00 0.00000E+00 0.00000E+00 0.00000E+00 0.00000E+00
   3832. 0.00000E+00 0.00000E+00 0.00000E+00 0.00000E+00 0.00000E+00
   3835. 0.00000E+00 0.00000E+00 0.00000E+00 0.00000E+00 0.00000E+00
   3838. 0.00000E+00 0.00000E+00 0.00000E+00 0.00000E+00 0.00000E+00
   3840. 0.00000E+00 0.00000E+00 0.00000E+00 0.00000E+00 0.00000E+00
   3843. 0.00000E+00 0.00000E+00 0.00000E+00 0.00000E+00 0.00000E+00
   3846. 0.00000E+00 0.00000E+00 0.00000E+00 0.00000E+00 0.00000E+00
   3848. 0.00000E+00 0.00000E+00 0.00000E+00 0.00000E+00 0.00000E+00
   3851. 0.00000E+00 0.00000E+00 0.00000E+00 0.00000E+00 0.00000E+00
   3854. 0.00000E+00 0.00000E+00 0.00000E+00 0.00000E+00 0.00000E+00
   3856. 0.00000E+00 0.00000E+00 0.00000E+00 0.00000E+00 0.00000E+00
   3859. 0.00000E+00 0.00000E+00 0.00000E+00 0.00000E+00 0.00000E+00
   3862. 0.00000E+00 0.00000E+00 0.00000E+00 0.00000E+00 0.00000E+00
   3864. 0.00000E+00 0.00000E+00 0.00000E+00 0.00000E+00 0.00000E+00
   3867. 0.00000E+00 0.00000E+00 0.00000E+00 0.00000E+00 0.00000E+00
   3870. 0.00000E+00 0.00000E+00 0.00000E+00 0.00000E+00 0.00000E+00
   3873. 0.00000E+00 0.00000E+00 0.00000E+00 0.00000E+00 0.00000E+00
   3875. 0.00000E+00 0.00000E+00 0.00000E+00 0.00000E+00 0.00000E+00
   3878. 0.00000E+00 0.00000E+00 0.00000E+00 0.00000E+00 0.00000E+00
   3881. 0.00000E+00 0.00000E+00 0.00000E+00 0.00000E+00 0.00000E+00
   3883. 0.00000E+00 0.00000E+00 0.00000E+00 0.00000E+00 0.00000E+00
   3886. 0.00000E+00 0.00000E+00 0.00000E+00 0.00000E+00 0.00000E+00
   3889. 0.00000E+00 0.00000E+00 0.00000E+00 0.00000E+00 0.00000E+00
   3892. 0.00000E+00 0.00000E+00 0.00000E+00 0.00000E+00 0.00000E+00
   3894. 0.00000E+00 0.00000E+00 0.00000E+00 0.00000E+00 0.00000E+00
   3897. 0.00000E+00 0.00000E+00 0.00000E+00 0.00000E+00 0.00000E+00
   3900. 0.00000E+00 0.00000E+00 0.00000E+00 0.00000E+00 0.00000E+00
   3902. 0.00000E+00 0.00000E+00 0.00000E+00 0.00000E+00 0.00000E+00
   3905. 0.00000E+00 0.00000E+00 0.00000E+00 0.00000E+00 0.00000E+00
   3908. 0.00000E+00 0.00000E+00 0.00000E+00 0.00000E+00 0.00000E+00
   3910. 0.00000E+00 0.00000E+00 0.00000E+00 0.00000E+00 0.00000E+00
   3913. 0.00000E+00 0.00000E+00 0.00000E+00 0.00000E+00 0.00000E+00
   3916. 0.00000E+00 0.00000E+00 0.00000E+00 0.00000E+00 0.00000E+00
   3918. 0.00000E+00 0.00000E+00 0.00000E+00 0.00000E+00 0.00000E+00
   3921. 0.00000E+00 0.00000E+00 0.00000E+00 0.00000E+00 0.00000E+00
   3924. 0.00000E+00 0.00000E+00 0.00000E+00 0.00000E+00 0.00000E+00
   3927. 0.00000E+00 0.00000E+00 0.00000E+00 0.00000E+00 0.00000E+00
   3929. 0.00000E+00 0.00000E+00 0.00000E+00 0.00000E+00 0.00000E+00
   3932. 0.00000E+00 0.00000E+00 0.00000E+00 0.00000E+00 0.00000E+00
   3935. 0.00000E+00 0.00000E+00 0.00000E+00 0.00000E+00 0.00000E+00
   3937. 0.00000E+00 0.00000E+00 0.00000E+00 0.00000E+00 0.00000E+00
   3940. 0.00000E+00 0.00000E+00 0.00000E+00 0.00000E+00 0.00000E+00
   3943. 0.00000E+00 0.00000E+00 0.00000E+00 0.00000E+00 0.00000E+00
   3946. 0.00000E+00 0.00000E+00 0.00000E+00 0.00000E+00 0.00000E+00
   3948. 0.00000E+00 0.00000E+00 0.00000E+00 0.00000E+00 0.00000E+00
   3951. 0.00000E+00 0.00000E+00 0.00000E+00 0.00000E+00 0.00000E+00
   3954. 0.00000E+00 0.00000E+00 0.00000E+00 0.00000E+00 0.00000E+00
   3956. 0.00000E+00 0.00000E+00 0.00000E+00 0.00000E+00 0.00000E+00
   3959. 0.00000E+00 0.00000E+00 0.00000E+00 0.00000E+00 0.00000E+00
   3962. 0.00000E+00 0.00000E+00 0.00000E+00 0.00000E+00 0.00000E+00
   3964. 0.00000E+00 0.00000E+00 0.00000E+00 0.00000E+00 0.00000E+00
   3967. 0.00000E+00 0.00000E+00 0.00000E+00 0.00000E+00 0.00000E+00
   3970. 0.00000E+00 0.00000E+00 0.00000E+00 0.00000E+00 0.00000E+00
   3972. 0.00000E+00 0.00000E+00 0.00000E+00 0.00000E+00 0.00000E+00
   3975. 0.00000E+00 0.00000E+00 0.00000E+00 0.00000E+00 0.00000E+00
   3978. 0.00000E+00 0.00000E+00 0.00000E+00 0.00000E+00 0.00000E+00
   3981. 0.00000E+00 0.00000E+00 0.00000E+00 0.00000E+00 0.00000E+00
   3983. 0.00000E+00 0.00000E+00 0.00000E+00 0.00000E+00 0.00000E+00
   3986. 0.00000E+00 0.00000E+00 0.00000E+00 0.00000E+00 0.00000E+00
   3989. 0.00000E+00 0.00000E+00 0.00000E+00 0.00000E+00 0.00000E+00
   3991. 0.00000E+00 0.00000E+00 0.00000E+00 0.00000E+00 0.00000E+00
   3994. 0.00000E+00 0.00000E+00 0.00000E+00 0.00000E+00 0.00000E+00
   3997. 0.00000E+00 0.00000E+00 0.00000E+00 0.00000E+00 0.00000E+00
   4000. 0.00000E+00 0.00000E+00 0.00000E+00 0.00000E+00 0.00000E+00
   4002. 0.00000E+00 0.00000E+00 0.00000E+00 0.00000E+00 0.00000E+00
   4005. 0.00000E+00 0.00000E+00 0.00000E+00 0.00000E+00 0.00000E+00
   4008. 0.00000E+00 0.00000E+00 0.00000E+00 0.00000E+00 0.00000E+00
   4010. 0.00000E+00 0.00000E+00 0.00000E+00 0.00000E+00 0.00000E+00
   4013. 0.00000E+00 0.00000E+00 0.00000E+00 0.00000E+00 0.00000E+00
   4016. 0.00000E+00 0.00000E+00 0.00000E+00 0.00000E+00 0.00000E+00
   4018. 0.00000E+00 0.00000E+00 0.00000E+00 0.00000E+00 0.00000E+00
   4021. 0.00000E+00 0.00000E+00 0.00000E+00 0.00000E+00 0.00000E+00
   4024. 0.00000E+00 0.00000E+00 0.00000E+00 0.00000E+00 0.00000E+00
   4026. 0.00000E+00 0.00000E+00 0.00000E+00 0.00000E+00 0.00000E+00
   4029. 0.00000E+00 0.00000E+00 0.00000E+00 0.00000E+00 0.00000E+00
   4032. 0.00000E+00 0.00000E+00 0.00000E+00 0.00000E+00 0.00000E+00
   4035. 0.00000E+00 0.00000E+00 0.00000E+00 0.00000E+00 0.00000E+00
   4037. 0.00000E+00 0.00000E+00 0.00000E+00 0.00000E+00 0.00000E+00
   4040. 0.00000E+00 0.00000E+00 0.00000E+00 0.00000E+00 0.00000E+00
   4043. 0.00000E+00 0.00000E+00 0.00000E+00 0.00000E+00 0.00000E+00
   4045. 0.00000E+00 0.00000E+00 0.00000E+00 0.00000E+00 0.00000E+00
   4048. 0.00000E+00 0.00000E+00 0.00000E+00 0.00000E+00 0.00000E+00
   4051. 0.00000E+00 0.00000E+00 0.00000E+00 0.00000E+00 0.00000E+00
   4054. 0.00000E+00 0.00000E+00 0.00000E+00 0.00000E+00 0.00000E+00
   4056. 0.00000E+00 0.00000E+00 0.00000E+00 0.00000E+00 0.00000E+00
   4059. 0.00000E+00 0.00000E+00 0.00000E+00 0.00000E+00 0.00000E+00
   4062. 0.00000E+00 0.00000E+00 0.00000E+00 0.00000E+00 0.00000E+00
   4064. 0.00000E+00 0.00000E+00 0.00000E+00 0.00000E+00 0.00000E+00
   4067. 0.00000E+00 0.00000E+00 0.00000E+00 0.00000E+00 0.00000E+00
   4070. 0.00000E+00 0.00000E+00 0.00000E+00 0.00000E+00 0.00000E+00
   4072. 0.00000E+00 0.00000E+00 0.00000E+00 0.00000E+00 0.00000E+00
   4075. 0.00000E+00 0.00000E+00 0.00000E+00 0.00000E+00 0.00000E+00
   4078. 0.00000E+00 0.00000E+00 0.00000E+00 0.00000E+00 0.00000E+00
   4080. 0.00000E+00 0.00000E+00 0.00000E+00 0.00000E+00 0.00000E+00
   4083. 0.00000E+00 0.00000E+00 0.00000E+00 0.00000E+00 0.00000E+00
   4086. 0.00000E+00 0.00000E+00 0.00000E+00 0.00000E+00 0.00000E+00
   4089. 0.00000E+00 0.00000E+00 0.00000E+00 0.00000E+00 0.00000E+00
   4091. 0.00000E+00 0.00000E+00 0.00000E+00 0.00000E+00 0.00000E+00
   4094. 0.00000E+00 0.00000E+00 0.00000E+00 0.00000E+00 0.00000E+00
   4097. 0.00000E+00 0.00000E+00 0.00000E+00 0.00000E+00 0.00000E+00
   4099. 0.00000E+00 0.00000E+00 0.00000E+00 0.00000E+00 0.00000E+00
   4102. 0.00000E+00 0.00000E+00 0.00000E+00 0.00000E+00 0.00000E+00
   4105. 0.00000E+00 0.00000E+00 0.00000E+00 0.00000E+00 0.00000E+00
   4108. 0.00000E+00 0.00000E+00 0.00000E+00 0.00000E+00 0.00000E+00
   4110. 0.00000E+00 0.00000E+00 0.00000E+00 0.00000E+00 0.00000E+00
   4113. 0.00000E+00 0.00000E+00 0.00000E+00 0.00000E+00 0.00000E+00
   4116. 0.00000E+00 0.00000E+00 0.00000E+00 0.00000E+00 0.00000E+00
   4118. 0.00000E+00 0.00000E+00 0.00000E+00 0.00000E+00 0.00000E+00
   4121. 0.00000E+00 0.00000E+00 0.00000E+00 0.00000E+00 0.00000E+00
   4124. 0.00000E+00 0.00000E+00 0.00000E+00 0.00000E+00 0.00000E+00
   4126. 0.00000E+00 0.00000E+00 0.00000E+00 0.00000E+00 0.00000E+00
   4129. 0.00000E+00 0.00000E+00 0.00000E+00 0.00000E+00 0.00000E+00
   4132. 0.00000E+00 0.00000E+00 0.00000E+00 0.00000E+00 0.00000E+00
   4134. 0.00000E+00 0.00000E+00 0.00000E+00 0.00000E+00 0.00000E+00
   4137. 0.00000E+00 0.00000E+00 0.00000E+00 0.00000E+00 0.00000E+00
   4140. 0.00000E+00 0.00000E+00 0.00000E+00 0.00000E+00 0.00000E+00
   4143. 0.00000E+00 0.00000E+00 0.00000E+00 0.00000E+00 0.00000E+00
   4145. 0.00000E+00 0.00000E+00 0.00000E+00 0.00000E+00 0.00000E+00
   4148. 0.00000E+00 0.00000E+00 0.00000E+00 0.00000E+00 0.00000E+00
   4151. 0.00000E+00 0.00000E+00 0.00000E+00 0.00000E+00 0.00000E+00
   4153. 0.00000E+00 0.00000E+00 0.00000E+00 0.00000E+00 0.00000E+00
   4156. 0.00000E+00 0.00000E+00 0.00000E+00 0.00000E+00 0.00000E+00
   4159. 0.00000E+00 0.00000E+00 0.00000E+00 0.00000E+00 0.00000E+00
   4162. 0.00000E+00 0.00000E+00 0.00000E+00 0.00000E+00 0.00000E+00
   4164. 0.00000E+00 0.00000E+00 0.00000E+00 0.00000E+00 0.00000E+00
   4167. 0.00000E+00 0.00000E+00 0.00000E+00 0.00000E+00 0.00000E+00
   4170. 0.00000E+00 0.00000E+00 0.00000E+00 0.00000E+00 0.00000E+00
   4172. 0.00000E+00 0.00000E+00 0.00000E+00 0.00000E+00 0.00000E+00
   4175. 0.00000E+00 0.00000E+00 0.00000E+00 0.00000E+00 0.00000E+00
   4178. 0.00000E+00 0.00000E+00 0.00000E+00 0.00000E+00 0.00000E+00
   4180. 0.00000E+00 0.00000E+00 0.00000E+00 0.00000E+00 0.00000E+00
   4183. 0.00000E+00 0.00000E+00 0.00000E+00 0.00000E+00 0.00000E+00
   4186. 0.00000E+00 0.00000E+00 0.00000E+00 0.00000E+00 0.00000E+00
   4188. 0.00000E+00 0.00000E+00 0.00000E+00 0.00000E+00 0.00000E+00
   4191. 0.00000E+00 0.00000E+00 0.00000E+00 0.00000E+00 0.00000E+00
   4194. 0.00000E+00 0.00000E+00 0.00000E+00 0.00000E+00 0.00000E+00
   4197. 0.00000E+00 0.00000E+00 0.00000E+00 0.00000E+00 0.00000E+00
   4199. 0.00000E+00 0.00000E+00 0.00000E+00 0.00000E+00 0.00000E+00
   4202. 0.00000E+00 0.00000E+00 0.00000E+00 0.00000E+00 0.00000E+00
   4205. 0.00000E+00 0.00000E+00 0.00000E+00 0.00000E+00 0.00000E+00
   4207. 0.00000E+00 0.00000E+00 0.00000E+00 0.00000E+00 0.00000E+00
   4210. 0.00000E+00 0.00000E+00 0.00000E+00 0.00000E+00 0.00000E+00
   4213. 0.00000E+00 0.00000E+00 0.00000E+00 0.00000E+00 0.00000E+00
   4216. 0.00000E+00 0.00000E+00 0.00000E+00 0.00000E+00 0.00000E+00
   4218. 0.00000E+00 0.00000E+00 0.00000E+00 0.00000E+00 0.00000E+00
   4221. 0.00000E+00 0.00000E+00 0.00000E+00 0.00000E+00 0.00000E+00
   4224. 0.00000E+00 0.00000E+00 0.00000E+00 0.00000E+00 0.00000E+00
   4226. 0.00000E+00 0.00000E+00 0.00000E+00 0.00000E+00 0.00000E+00
   4229. 0.00000E+00 0.00000E+00 0.00000E+00 0.00000E+00 0.00000E+00
   4232. 0.00000E+00 0.00000E+00 0.00000E+00 0.00000E+00 0.00000E+00
   4234. 0.00000E+00 0.00000E+00 0.00000E+00 0.00000E+00 0.00000E+00
   4237. 0.00000E+00 0.00000E+00 0.00000E+00 0.00000E+00 0.00000E+00
   4240. 0.00000E+00 0.00000E+00 0.00000E+00 0.00000E+00 0.00000E+00
   4242. 0.00000E+00 0.00000E+00 0.00000E+00 0.00000E+00 0.00000E+00
   4245. 0.00000E+00 0.00000E+00 0.00000E+00 0.00000E+00 0.00000E+00
   4248. 0.00000E+00 0.00000E+00 0.00000E+00 0.00000E+00 0.00000E+00
   4251. 0.00000E+00 0.00000E+00 0.00000E+00 0.00000E+00 0.00000E+00
   4253. 0.00000E+00 0.00000E+00 0.00000E+00 0.00000E+00 0.00000E+00
   4256. 0.00000E+00 0.00000E+00 0.00000E+00 0.00000E+00 0.00000E+00
   4259. 0.00000E+00 0.00000E+00 0.00000E+00 0.00000E+00 0.00000E+00
   4261. 0.00000E+00 0.00000E+00 0.00000E+00 0.00000E+00 0.00000E+00
   4264. 0.00000E+00 0.00000E+00 0.00000E+00 0.00000E+00 0.00000E+00
   4267. 0.00000E+00 0.00000E+00 0.00000E+00 0.00000E+00 0.00000E+00
   4270. 0.00000E+00 0.00000E+00 0.00000E+00 0.00000E+00 0.00000E+00
   4272. 0.00000E+00 0.00000E+00 0.00000E+00 0.00000E+00 0.00000E+00
   4275. 0.00000E+00 0.00000E+00 0.00000E+00 0.00000E+00 0.00000E+00
   4278. 0.00000E+00 0.00000E+00 0.00000E+00 0.00000E+00 0.00000E+00
   4280. 0.00000E+00 0.00000E+00 0.00000E+00 0.00000E+00 0.00000E+00
   4283. 0.00000E+00 0.00000E+00 0.00000E+00 0.00000E+00 0.00000E+00
   4286. 0.00000E+00 0.00000E+00 0.00000E+00 0.00000E+00 0.00000E+00
   4288. 0.00000E+00 0.00000E+00 0.00000E+00 0.00000E+00 0.00000E+00
   4291. 0.00000E+00 0.00000E+00 0.00000E+00 0.00000E+00 0.00000E+00
   4294. 0.00000E+00 0.00000E+00 0.00000E+00 0.00000E+00 0.00000E+00
   4296. 0.00000E+00 0.00000E+00 0.00000E+00 0.00000E+00 0.00000E+00
   4299. 0.00000E+00 0.00000E+00 0.00000E+00 0.00000E+00 0.00000E+00
   4302. 0.00000E+00 0.00000E+00 0.00000E+00 0.00000E+00 0.00000E+00
   4305. 0.00000E+00 0.00000E+00 0.00000E+00 0.00000E+00 0.00000E+00
   4307. 0.00000E+00 0.00000E+00 0.00000E+00 0.00000E+00 0.00000E+00
   4310. 0.00000E+00 0.00000E+00 0.00000E+00 0.00000E+00 0.00000E+00
   4313. 0.00000E+00 0.00000E+00 0.00000E+00 0.00000E+00 0.00000E+00
   4315. 0.00000E+00 0.00000E+00 0.00000E+00 0.00000E+00 0.00000E+00
   4318. 0.00000E+00 0.00000E+00 0.00000E+00 0.00000E+00 0.00000E+00
   4321. 0.00000E+00 0.00000E+00 0.00000E+00 0.00000E+00 0.00000E+00
   4324. 0.00000E+00 0.00000E+00 0.00000E+00 0.00000E+00 0.00000E+00
   4326. 0.00000E+00 0.00000E+00 0.00000E+00 0.00000E+00 0.00000E+00
   4329. 0.00000E+00 0.00000E+00 0.00000E+00 0.00000E+00 0.00000E+00
   4332. 0.00000E+00 0.00000E+00 0.00000E+00 0.00000E+00 0.00000E+00
   4334. 0.00000E+00 0.00000E+00 0.00000E+00 0.00000E+00 0.00000E+00
   4337. 0.00000E+00 0.00000E+00 0.00000E+00 0.00000E+00 0.00000E+00
   4340. 0.00000E+00 0.00000E+00 0.00000E+00 0.00000E+00 0.00000E+00
   4342. 0.00000E+00 0.00000E+00 0.00000E+00 0.00000E+00 0.00000E+00
   4345. 0.00000E+00 0.00000E+00 0.00000E+00 0.00000E+00 0.00000E+00
   4348. 0.00000E+00 0.00000E+00 0.00000E+00 0.00000E+00 0.00000E+00
   4350. 0.00000E+00 0.00000E+00 0.00000E+00 0.00000E+00 0.00000E+00
   4353. 0.00000E+00 0.00000E+00 0.00000E+00 0.00000E+00 0.00000E+00
   4356. 0.00000E+00 0.00000E+00 0.00000E+00 0.00000E+00 0.00000E+00
   4359. 0.00000E+00 0.00000E+00 0.00000E+00 0.00000E+00 0.00000E+00
   4361. 0.00000E+00 0.00000E+00 0.00000E+00 0.00000E+00 0.00000E+00
   4364. 0.00000E+00 0.00000E+00 0.00000E+00 0.00000E+00 0.00000E+00
   4367. 0.00000E+00 0.00000E+00 0.00000E+00 0.00000E+00 0.00000E+00
   4369. 0.00000E+00 0.00000E+00 0.00000E+00 0.00000E+00 0.00000E+00
   4372. 0.00000E+00 0.00000E+00 0.00000E+00 0.00000E+00 0.00000E+00
   4375. 0.00000E+00 0.00000E+00 0.00000E+00 0.00000E+00 0.00000E+00
   4378. 0.00000E+00 0.00000E+00 0.00000E+00 0.00000E+00 0.00000E+00
   4380. 0.00000E+00 0.00000E+00 0.00000E+00 0.00000E+00 0.00000E+00
   4383. 0.00000E+00 0.00000E+00 0.00000E+00 0.00000E+00 0.00000E+00
   4386. 0.00000E+00 0.00000E+00 0.00000E+00 0.00000E+00 0.00000E+00
   4388. 0.00000E+00 0.00000E+00 0.00000E+00 0.00000E+00 0.00000E+00
   4391. 0.00000E+00 0.00000E+00 0.00000E+00 0.00000E+00 0.00000E+00
   4394. 0.00000E+00 0.00000E+00 0.00000E+00 0.00000E+00 0.00000E+00
   4396. 0.00000E+00 0.00000E+00 0.00000E+00 0.00000E+00 0.00000E+00
   4399. 0.00000E+00 0.00000E+00 0.00000E+00 0.00000E+00 0.00000E+00
   4402. 0.00000E+00 0.00000E+00 0.00000E+00 0.00000E+00 0.00000E+00
   4404. 0.00000E+00 0.00000E+00 0.00000E+00 0.00000E+00 0.00000E+00
   4407. 0.00000E+00 0.00000E+00 0.00000E+00 0.00000E+00 0.00000E+00
   4410. 0.00000E+00 0.00000E+00 0.00000E+00 0.00000E+00 0.00000E+00
   4413. 0.00000E+00 0.00000E+00 0.00000E+00 0.00000E+00 0.00000E+00
   4415. 0.00000E+00 0.00000E+00 0.00000E+00 0.00000E+00 0.00000E+00
   4418. 0.00000E+00 0.00000E+00 0.00000E+00 0.00000E+00 0.00000E+00
   4421. 0.00000E+00 0.00000E+00 0.00000E+00 0.00000E+00 0.00000E+00
   4423. 0.00000E+00 0.00000E+00 0.00000E+00 0.00000E+00 0.00000E+00
   4426. 0.00000E+00 0.00000E+00 0.00000E+00 0.00000E+00 0.00000E+00
   4429. 0.00000E+00 0.00000E+00 0.00000E+00 0.00000E+00 0.00000E+00
   4432. 0.00000E+00 0.00000E+00 0.00000E+00 0.00000E+00 0.00000E+00
   4434. 0.00000E+00 0.00000E+00 0.00000E+00 0.00000E+00 0.00000E+00
   4437. 0.00000E+00 0.00000E+00 0.00000E+00 0.00000E+00 0.00000E+00
   4440. 0.00000E+00 0.00000E+00 0.00000E+00 0.00000E+00 0.00000E+00
   4442. 0.00000E+00 0.00000E+00 0.00000E+00 0.00000E+00 0.00000E+00
   4445. 0.00000E+00 0.00000E+00 0.00000E+00 0.00000E+00 0.00000E+00
   4448. 0.00000E+00 0.00000E+00 0.00000E+00 0.00000E+00 0.00000E+00
   4450. 0.00000E+00 0.00000E+00 0.00000E+00 0.00000E+00 0.00000E+00
   4453. 0.00000E+00 0.00000E+00 0.00000E+00 0.00000E+00 0.00000E+00
   4456. 0.00000E+00 0.00000E+00 0.00000E+00 0.00000E+00 0.00000E+00
   4458. 0.00000E+00 0.00000E+00 0.00000E+00 0.00000E+00 0.00000E+00
   4461. 0.00000E+00 0.00000E+00 0.00000E+00 0.00000E+00 0.00000E+00
   4464. 0.00000E+00 0.00000E+00 0.00000E+00 0.00000E+00 0.00000E+00
   4467. 0.00000E+00 0.00000E+00 0.00000E+00 0.00000E+00 0.00000E+00
   4469. 0.00000E+00 0.00000E+00 0.00000E+00 0.00000E+00 0.00000E+00
   4472. 0.00000E+00 0.00000E+00 0.00000E+00 0.00000E+00 0.00000E+00
   4475. 0.00000E+00 0.00000E+00 0.00000E+00 0.00000E+00 0.00000E+00
   4477. 0.00000E+00 0.00000E+00 0.00000E+00 0.00000E+00 0.00000E+00
   4480. 0.00000E+00 0.00000E+00 0.00000E+00 0.00000E+00 0.00000E+00
   4483. 0.00000E+00 0.00000E+00 0.00000E+00 0.00000E+00 0.00000E+00
   4486. 0.00000E+00 0.00000E+00 0.00000E+00 0.00000E+00 0.00000E+00
   4488. 0.00000E+00 0.00000E+00 0.00000E+00 0.00000E+00 0.00000E+00
   4491. 0.00000E+00 0.00000E+00 0.00000E+00 0.00000E+00 0.00000E+00
   4494. 0.00000E+00 0.00000E+00 0.00000E+00 0.00000E+00 0.00000E+00
   4496. 0.00000E+00 0.00000E+00 0.00000E+00 0.00000E+00 0.00000E+00
   4499. 0.00000E+00 0.00000E+00 0.00000E+00 0.00000E+00 0.00000E+00
   4502. 0.00000E+00 0.00000E+00 0.00000E+00 0.00000E+00 0.00000E+00
   4504. 0.00000E+00 0.00000E+00 0.00000E+00 0.00000E+00 0.00000E+00
   4507. 0.00000E+00 0.00000E+00 0.00000E+00 0.00000E+00 0.00000E+00
   4510. 0.00000E+00 0.00000E+00 0.00000E+00 0.00000E+00 0.00000E+00
   4512. 0.00000E+00 0.00000E+00 0.00000E+00 0.00000E+00 0.00000E+00
   4515. 0.00000E+00 0.00000E+00 0.00000E+00 0.00000E+00 0.00000E+00
   4518. 0.00000E+00 0.00000E+00 0.00000E+00 0.00000E+00 0.00000E+00
   4521. 0.00000E+00 0.00000E+00 0.00000E+00 0.00000E+00 0.00000E+00
   4523. 0.00000E+00 0.00000E+00 0.00000E+00 0.00000E+00 0.00000E+00
   4526. 0.00000E+00 0.00000E+00 0.00000E+00 0.00000E+00 0.00000E+00
   4529. 0.00000E+00 0.00000E+00 0.00000E+00 0.00000E+00 0.00000E+00
   4531. 0.00000E+00 0.00000E+00 0.00000E+00 0.00000E+00 0.00000E+00
   4534. 0.00000E+00 0.00000E+00 0.00000E+00 0.00000E+00 0.00000E+00
   4537. 0.00000E+00 0.00000E+00 0.00000E+00 0.00000E+00 0.00000E+00
   4540. 0.00000E+00 0.00000E+00 0.00000E+00 0.00000E+00 0.00000E+00
   4542. 0.00000E+00 0.00000E+00 0.00000E+00 0.00000E+00 0.00000E+00
   4545. 0.00000E+00 0.00000E+00 0.00000E+00 0.00000E+00 0.00000E+00
   4548. 0.00000E+00 0.00000E+00 0.00000E+00 0.00000E+00 0.00000E+00
   4550. 0.00000E+00 0.00000E+00 0.00000E+00 0.00000E+00 0.00000E+00
   4553. 0.00000E+00 0.00000E+00 0.00000E+00 0.00000E+00 0.00000E+00
   4556. 0.00000E+00 0.00000E+00 0.00000E+00 0.00000E+00 0.00000E+00
   4558. 0.00000E+00 0.00000E+00 0.00000E+00 0.00000E+00 0.00000E+00
   4561. 0.00000E+00 0.00000E+00 0.00000E+00 0.00000E+00 0.00000E+00
   4564. 0.00000E+00 0.00000E+00 0.00000E+00 0.00000E+00 0.00000E+00
   4566. 0.00000E+00 0.00000E+00 0.00000E+00 0.00000E+00 0.00000E+00
   4569. 0.00000E+00 0.00000E+00 0.00000E+00 0.00000E+00 0.00000E+00
   4572. 0.00000E+00 0.00000E+00 0.00000E+00 0.00000E+00 0.00000E+00
   4575. 0.00000E+00 0.00000E+00 0.00000E+00 0.00000E+00 0.00000E+00
   4577. 0.00000E+00 0.00000E+00 0.00000E+00 0.00000E+00 0.00000E+00
   4580. 0.00000E+00 0.00000E+00 0.00000E+00 0.00000E+00 0.00000E+00
   4583. 0.00000E+00 0.00000E+00 0.00000E+00 0.00000E+00 0.00000E+00
   4585. 0.00000E+00 0.00000E+00 0.00000E+00 0.00000E+00 0.00000E+00
   4588. 0.00000E+00 0.00000E+00 0.00000E+00 0.00000E+00 0.00000E+00
   4591. 0.00000E+00 0.00000E+00 0.00000E+00 0.00000E+00 0.00000E+00
   4594. 0.00000E+00 0.00000E+00 0.00000E+00 0.00000E+00 0.00000E+00
   4596. 0.00000E+00 0.00000E+00 0.00000E+00 0.00000E+00 0.00000E+00
   4599. 0.00000E+00 0.00000E+00 0.00000E+00 0.00000E+00 0.00000E+00
   4602. 0.00000E+00 0.00000E+00 0.00000E+00 0.00000E+00 0.00000E+00
   4604. 0.00000E+00 0.00000E+00 0.00000E+00 0.00000E+00 0.00000E+00
   4607. 0.00000E+00 0.00000E+00 0.00000E+00 0.00000E+00 0.00000E+00
   4610. 0.00000E+00 0.00000E+00 0.00000E+00 0.00000E+00 0.00000E+00
   4612. 0.00000E+00 0.00000E+00 0.00000E+00 0.00000E+00 0.00000E+00
   4615. 0.00000E+00 0.00000E+00 0.00000E+00 0.00000E+00 0.00000E+00
   4618. 0.00000E+00 0.00000E+00 0.00000E+00 0.00000E+00 0.00000E+00
   4620. 0.00000E+00 0.00000E+00 0.00000E+00 0.00000E+00 0.00000E+00
   4623. 0.00000E+00 0.00000E+00 0.00000E+00 0.00000E+00 0.00000E+00
   4626. 0.00000E+00 0.00000E+00 0.00000E+00 0.00000E+00 0.00000E+00
   4629. 0.00000E+00 0.00000E+00 0.00000E+00 0.00000E+00 0.00000E+00
   4631. 0.00000E+00 0.00000E+00 0.00000E+00 0.00000E+00 0.00000E+00
   4634. 0.00000E+00 0.00000E+00 0.00000E+00 0.00000E+00 0.00000E+00
   4637. 0.00000E+00 0.00000E+00 0.00000E+00 0.00000E+00 0.00000E+00
   4639. 0.00000E+00 0.00000E+00 0.00000E+00 0.00000E+00 0.00000E+00
   4642. 0.00000E+00 0.00000E+00 0.00000E+00 0.00000E+00 0.00000E+00
   4645. 0.00000E+00 0.00000E+00 0.00000E+00 0.00000E+00 0.00000E+00
   4648. 0.00000E+00 0.00000E+00 0.00000E+00 0.00000E+00 0.00000E+00
   4650. 0.00000E+00 0.00000E+00 0.00000E+00 0.00000E+00 0.00000E+00
   4653. 0.00000E+00 0.00000E+00 0.00000E+00 0.00000E+00 0.00000E+00
   4656. 0.00000E+00 0.00000E+00 0.00000E+00 0.00000E+00 0.00000E+00
   4658. 0.00000E+00 0.00000E+00 0.00000E+00 0.00000E+00 0.00000E+00
   4661. 0.00000E+00 0.00000E+00 0.00000E+00 0.00000E+00 0.00000E+00
   4664. 0.00000E+00 0.00000E+00 0.00000E+00 0.00000E+00 0.00000E+00
   4666. 0.00000E+00 0.00000E+00 0.00000E+00 0.00000E+00 0.00000E+00
   4669. 0.00000E+00 0.00000E+00 0.00000E+00 0.00000E+00 0.00000E+00
   4672. 0.00000E+00 0.00000E+00 0.00000E+00 0.00000E+00 0.00000E+00
   4674. 0.00000E+00 0.00000E+00 0.00000E+00 0.00000E+00 0.00000E+00
   4677. 0.00000E+00 0.00000E+00 0.00000E+00 0.00000E+00 0.00000E+00
   4680. 0.00000E+00 0.00000E+00 0.00000E+00 0.00000E+00 0.00000E+00
   4683. 0.00000E+00 0.00000E+00 0.00000E+00 0.00000E+00 0.00000E+00
   4685. 0.00000E+00 0.00000E+00 0.00000E+00 0.00000E+00 0.00000E+00
   4688. 0.00000E+00 0.00000E+00 0.00000E+00 0.00000E+00 0.00000E+00
   4691. 0.00000E+00 0.00000E+00 0.00000E+00 0.00000E+00 0.00000E+00
   4693. 0.00000E+00 0.00000E+00 0.00000E+00 0.00000E+00 0.00000E+00
   4696. 0.00000E+00 0.00000E+00 0.00000E+00 0.00000E+00 0.00000E+00
   4699. 0.00000E+00 0.00000E+00 0.00000E+00 0.00000E+00 0.00000E+00
   4702. 0.00000E+00 0.00000E+00 0.00000E+00 0.00000E+00 0.00000E+00
   4704. 0.00000E+00 0.00000E+00 0.00000E+00 0.00000E+00 0.00000E+00
   4707. 0.00000E+00 0.00000E+00 0.00000E+00 0.00000E+00 0.00000E+00
   4710. 0.00000E+00 0.00000E+00 0.00000E+00 0.00000E+00 0.00000E+00
   4712. 0.00000E+00 0.00000E+00 0.00000E+00 0.00000E+00 0.00000E+00
   4715. 0.00000E+00 0.00000E+00 0.00000E+00 0.00000E+00 0.00000E+00
   4718. 0.00000E+00 0.00000E+00 0.00000E+00 0.00000E+00 0.00000E+00
   4720. 0.00000E+00 0.00000E+00 0.00000E+00 0.00000E+00 0.00000E+00
   4723. 0.00000E+00 0.00000E+00 0.00000E+00 0.00000E+00 0.00000E+00
   4726. 0.00000E+00 0.00000E+00 0.00000E+00 0.00000E+00 0.00000E+00
   4728. 0.00000E+00 0.00000E+00 0.00000E+00 0.00000E+00 0.00000E+00
   4731. 0.00000E+00 0.00000E+00 0.00000E+00 0.00000E+00 0.00000E+00
   4734. 0.00000E+00 0.00000E+00 0.00000E+00 0.00000E+00 0.00000E+00
   4737. 0.00000E+00 0.00000E+00 0.00000E+00 0.00000E+00 0.00000E+00
   4739. 0.00000E+00 0.00000E+00 0.00000E+00 0.00000E+00 0.00000E+00
   4742. 0.00000E+00 0.00000E+00 0.00000E+00 0.00000E+00 0.00000E+00
   4745. 0.00000E+00 0.00000E+00 0.00000E+00 0.00000E+00 0.00000E+00
   4747. 0.00000E+00 0.00000E+00 0.00000E+00 0.00000E+00 0.00000E+00
   4750. 0.00000E+00 0.00000E+00 0.00000E+00 0.00000E+00 0.00000E+00
   4753. 0.00000E+00 0.00000E+00 0.00000E+00 0.00000E+00 0.00000E+00
   4756. 0.00000E+00 0.00000E+00 0.00000E+00 0.00000E+00 0.00000E+00
   4758. 0.00000E+00 0.00000E+00 0.00000E+00 0.00000E+00 0.00000E+00
   4761. 0.00000E+00 0.00000E+00 0.00000E+00 0.00000E+00 0.00000E+00
   4764. 0.00000E+00 0.00000E+00 0.00000E+00 0.00000E+00 0.00000E+00
   4766. 0.00000E+00 0.00000E+00 0.00000E+00 0.00000E+00 0.00000E+00
   4769. 0.00000E+00 0.00000E+00 0.00000E+00 0.00000E+00 0.00000E+00
   4772. 0.00000E+00 0.00000E+00 0.00000E+00 0.00000E+00 0.00000E+00
   4774. 0.00000E+00 0.00000E+00 0.00000E+00 0.00000E+00 0.00000E+00
   4777. 0.00000E+00 0.00000E+00 0.00000E+00 0.00000E+00 0.00000E+00
   4780. 0.00000E+00 0.00000E+00 0.00000E+00 0.00000E+00 0.00000E+00
   4782. 0.00000E+00 0.00000E+00 0.00000E+00 0.00000E+00 0.00000E+00
   4785. 0.00000E+00 0.00000E+00 0.00000E+00 0.00000E+00 0.00000E+00
   4788. 0.00000E+00 0.00000E+00 0.00000E+00 0.00000E+00 0.00000E+00
   4791. 0.00000E+00 0.00000E+00 0.00000E+00 0.00000E+00 0.00000E+00
   4793. 0.00000E+00 0.00000E+00 0.00000E+00 0.00000E+00 0.00000E+00
   4796. 0.00000E+00 0.00000E+00 0.00000E+00 0.00000E+00 0.00000E+00
   4799. 0.00000E+00 0.00000E+00 0.00000E+00 0.00000E+00 0.00000E+00
   4801. 0.00000E+00 0.00000E+00 0.00000E+00 0.00000E+00 0.00000E+00
   4804. 0.00000E+00 0.00000E+00 0.00000E+00 0.00000E+00 0.00000E+00
   4807. 0.00000E+00 0.00000E+00 0.00000E+00 0.00000E+00 0.00000E+00
   4810. 0.00000E+00 0.00000E+00 0.00000E+00 0.00000E+00 0.00000E+00
   4812. 0.00000E+00 0.00000E+00 0.00000E+00 0.00000E+00 0.00000E+00
   4815. 0.00000E+00 0.00000E+00 0.00000E+00 0.00000E+00 0.00000E+00
   4818. 0.00000E+00 0.00000E+00 0.00000E+00 0.00000E+00 0.00000E+00
   4820. 0.00000E+00 0.00000E+00 0.00000E+00 0.00000E+00 0.00000E+00
   4823. 0.00000E+00 0.00000E+00 0.00000E+00 0.00000E+00 0.00000E+00
   4826. 0.00000E+00 0.00000E+00 0.00000E+00 0.00000E+00 0.00000E+00
   4828. 0.00000E+00 0.00000E+00 0.00000E+00 0.00000E+00 0.00000E+00
   4831. 0.00000E+00 0.00000E+00 0.00000E+00 0.00000E+00 0.00000E+00
   4834. 0.00000E+00 0.00000E+00 0.00000E+00 0.00000E+00 0.00000E+00
   4836. 0.00000E+00 0.00000E+00 0.00000E+00 0.00000E+00 0.00000E+00
   4839. 0.00000E+00 0.00000E+00 0.00000E+00 0.00000E+00 0.00000E+00
   4842. 0.00000E+00 0.00000E+00 0.00000E+00 0.00000E+00 0.00000E+00
   4845. 0.00000E+00 0.00000E+00 0.00000E+00 0.00000E+00 0.00000E+00
   4847. 0.00000E+00 0.00000E+00 0.00000E+00 0.00000E+00 0.00000E+00
   4850. 0.00000E+00 0.00000E+00 0.00000E+00 0.00000E+00 0.00000E+00
   4853. 0.00000E+00 0.00000E+00 0.00000E+00 0.00000E+00 0.00000E+00
   4855. 0.00000E+00 0.00000E+00 0.00000E+00 0.00000E+00 0.00000E+00
   4858. 0.00000E+00 0.00000E+00 0.00000E+00 0.00000E+00 0.00000E+00
   4861. 0.00000E+00 0.00000E+00 0.00000E+00 0.00000E+00 0.00000E+00
   4864. 0.00000E+00 0.00000E+00 0.00000E+00 0.00000E+00 0.00000E+00
   4866. 0.00000E+00 0.00000E+00 0.00000E+00 0.00000E+00 0.00000E+00
   4869. 0.00000E+00 0.00000E+00 0.00000E+00 0.00000E+00 0.00000E+00
   4872. 0.00000E+00 0.00000E+00 0.00000E+00 0.00000E+00 0.00000E+00
   4874. 0.00000E+00 0.00000E+00 0.00000E+00 0.00000E+00 0.00000E+00
   4877. 0.00000E+00 0.00000E+00 0.00000E+00 0.00000E+00 0.00000E+00
   4880. 0.00000E+00 0.00000E+00 0.00000E+00 0.00000E+00 0.00000E+00
   4882. 0.00000E+00 0.00000E+00 0.00000E+00 0.00000E+00 0.00000E+00
   4885. 0.00000E+00 0.00000E+00 0.00000E+00 0.00000E+00 0.00000E+00
   4888. 0.00000E+00 0.00000E+00 0.00000E+00 0.00000E+00 0.00000E+00
   4890. 0.00000E+00 0.00000E+00 0.00000E+00 0.00000E+00 0.00000E+00
   4893. 0.00000E+00 0.00000E+00 0.00000E+00 0.00000E+00 0.00000E+00
   4896. 0.00000E+00 0.00000E+00 0.00000E+00 0.00000E+00 0.00000E+00
   4899. 0.00000E+00 0.00000E+00 0.00000E+00 0.00000E+00 0.00000E+00
   4901. 0.00000E+00 0.00000E+00 0.00000E+00 0.00000E+00 0.00000E+00
   4904. 0.00000E+00 0.00000E+00 0.00000E+00 0.00000E+00 0.00000E+00
   4907. 0.00000E+00 0.00000E+00 0.00000E+00 0.00000E+00 0.00000E+00
   4909. 0.00000E+00 0.00000E+00 0.00000E+00 0.00000E+00 0.00000E+00
   4912. 0.00000E+00 0.00000E+00 0.00000E+00 0.00000E+00 0.00000E+00
   4915. 0.00000E+00 0.00000E+00 0.00000E+00 0.00000E+00 0.00000E+00
   4918. 0.00000E+00 0.00000E+00 0.00000E+00 0.00000E+00 0.00000E+00
   4920. 0.00000E+00 0.00000E+00 0.00000E+00 0.00000E+00 0.00000E+00
   4923. 0.00000E+00 0.00000E+00 0.00000E+00 0.00000E+00 0.00000E+00
   4926. 0.00000E+00 0.00000E+00 0.00000E+00 0.00000E+00 0.00000E+00
   4928. 0.00000E+00 0.00000E+00 0.00000E+00 0.00000E+00 0.00000E+00
   4931. 0.00000E+00 0.00000E+00 0.00000E+00 0.00000E+00 0.00000E+00
   4934. 0.00000E+00 0.00000E+00 0.00000E+00 0.00000E+00 0.00000E+00
   4936. 0.00000E+00 0.00000E+00 0.00000E+00 0.00000E+00 0.00000E+00
   4939. 0.00000E+00 0.00000E+00 0.00000E+00 0.00000E+00 0.00000E+00
   4942. 0.00000E+00 0.00000E+00 0.00000E+00 0.00000E+00 0.00000E+00
   4944. 0.00000E+00 0.00000E+00 0.00000E+00 0.00000E+00 0.00000E+00
   4947. 0.00000E+00 0.00000E+00 0.00000E+00 0.00000E+00 0.00000E+00
   4950. 0.00000E+00 0.00000E+00 0.00000E+00 0.00000E+00 0.00000E+00
   4953. 0.00000E+00 0.00000E+00 0.00000E+00 0.00000E+00 0.00000E+00
   4955. 0.00000E+00 0.00000E+00 0.00000E+00 0.00000E+00 0.00000E+00
   4958. 0.00000E+00 0.00000E+00 0.00000E+00 0.00000E+00 0.00000E+00
   4961. 0.00000E+00 0.00000E+00 0.00000E+00 0.00000E+00 0.00000E+00
   4963. 0.00000E+00 0.00000E+00 0.00000E+00 0.00000E+00 0.00000E+00
   4966. 0.00000E+00 0.00000E+00 0.00000E+00 0.00000E+00 0.00000E+00
   4969. 0.00000E+00 0.00000E+00 0.00000E+00 0.00000E+00 0.00000E+00
   4972. 0.00000E+00 0.00000E+00 0.00000E+00 0.00000E+00 0.00000E+00
   4974. 0.00000E+00 0.00000E+00 0.00000E+00 0.00000E+00 0.00000E+00
   4977. 0.00000E+00 0.00000E+00 0.00000E+00 0.00000E+00 0.00000E+00
   4980. 0.00000E+00 0.00000E+00 0.00000E+00 0.00000E+00 0.00000E+00
   4982. 0.00000E+00 0.00000E+00 0.00000E+00 0.00000E+00 0.00000E+00
   4985. 0.00000E+00 0.00000E+00 0.00000E+00 0.00000E+00 0.00000E+00
   4988. 0.00000E+00 0.00000E+00 0.00000E+00 0.00000E+00 0.00000E+00
   4990. 0.00000E+00 0.00000E+00 0.00000E+00 0.00000E+00 0.00000E+00
   4993. 0.00000E+00 0.00000E+00 0.00000E+00 0.00000E+00 0.00000E+00
   4996. 0.00000E+00 0.00000E+00 0.00000E+00 0.00000E+00 0.00000E+00
   4998. 0.00000E+00 0.00000E+00 0.00000E+00 0.00000E+00 0.00000E+00
   5001. 0.00000E+00 0.00000E+00 0.00000E+00 0.00000E+00 0.00000E+00
   5004. 0.00000E+00 0.00000E+00 0.00000E+00 0.00000E+00 0.00000E+00
   5007. 0.00000E+00 0.00000E+00 0.00000E+00 0.00000E+00 0.00000E+00
   5009. 0.00000E+00 0.00000E+00 0.00000E+00 0.00000E+00 0.00000E+00
   5012. 0.00000E+00 0.00000E+00 0.00000E+00 0.00000E+00 0.00000E+00
   5015. 0.00000E+00 0.00000E+00 0.00000E+00 0.00000E+00 0.00000E+00
   5017. 0.00000E+00 0.00000E+00 0.00000E+00 0.00000E+00 0.00000E+00
   5020. 0.00000E+00 0.00000E+00 0.00000E+00 0.00000E+00 0.00000E+00
   5023. 0.00000E+00 0.00000E+00 0.00000E+00 0.00000E+00 0.00000E+00
   5026. 0.00000E+00 0.00000E+00 0.00000E+00 0.00000E+00 0.00000E+00
   5028. 0.00000E+00 0.00000E+00 0.00000E+00 0.00000E+00 0.00000E+00
   5031. 0.00000E+00 0.00000E+00 0.00000E+00 0.00000E+00 0.00000E+00
   5034. 0.00000E+00 0.00000E+00 0.00000E+00 0.00000E+00 0.00000E+00
   5036. 0.00000E+00 0.00000E+00 0.00000E+00 0.00000E+00 0.00000E+00
   5039. 0.00000E+00 0.00000E+00 0.00000E+00 0.00000E+00 0.00000E+00
   5042. 0.00000E+00 0.00000E+00 0.00000E+00 0.00000E+00 0.00000E+00
   5044. 0.00000E+00 0.00000E+00 0.00000E+00 0.00000E+00 0.00000E+00
   5047. 0.00000E+00 0.00000E+00 0.00000E+00 0.00000E+00 0.00000E+00
   5050. 0.00000E+00 0.00000E+00 0.00000E+00 0.00000E+00 0.00000E+00
   5052. 0.00000E+00 0.00000E+00 0.00000E+00 0.00000E+00 0.00000E+00
   5055. 0.00000E+00 0.00000E+00 0.00000E+00 0.00000E+00 0.00000E+00
   5058. 0.00000E+00 0.00000E+00 0.00000E+00 0.00000E+00 0.00000E+00
   5061. 0.00000E+00 0.00000E+00 0.00000E+00 0.00000E+00 0.00000E+00
   5063. 0.00000E+00 0.00000E+00 0.00000E+00 0.00000E+00 0.00000E+00
   5066. 0.00000E+00 0.00000E+00 0.00000E+00 0.00000E+00 0.00000E+00
   5069. 0.00000E+00 0.00000E+00 0.00000E+00 0.00000E+00 0.00000E+00
   5071. 0.00000E+00 0.00000E+00 0.00000E+00 0.00000E+00 0.00000E+00
   5074. 0.00000E+00 0.00000E+00 0.00000E+00 0.00000E+00 0.00000E+00
   5077. 0.00000E+00 0.00000E+00 0.00000E+00 0.00000E+00 0.00000E+00
   5080. 0.00000E+00 0.00000E+00 0.00000E+00 0.00000E+00 0.00000E+00
   5082. 0.00000E+00 0.00000E+00 0.00000E+00 0.00000E+00 0.00000E+00
   5085. 0.00000E+00 0.00000E+00 0.00000E+00 0.00000E+00 0.00000E+00
   5088. 0.00000E+00 0.00000E+00 0.00000E+00 0.00000E+00 0.00000E+00
   5090. 0.00000E+00 0.00000E+00 0.00000E+00 0.00000E+00 0.00000E+00
   5093. 0.00000E+00 0.00000E+00 0.00000E+00 0.00000E+00 0.00000E+00
   5096. 0.00000E+00 0.00000E+00 0.00000E+00 0.00000E+00 0.00000E+00
   5098. 0.00000E+00 0.00000E+00 0.00000E+00 0.00000E+00 0.00000E+00
   5101. 1.02145E-07 5.16673E-07 1.31891E-06 1.76641E-06 4.54626E-06
   5104. 1.04128E-07 5.19768E-07 1.32216E-06 1.75528E-06 4.53607E-06
   5106. 1.05733E-07 5.20958E-07 1.31993E-06 1.74957E-06 4.50463E-06
   5109. 1.06965E-07 5.20651E-07 1.31377E-06 1.74703E-06 4.45555E-06
   5112. 1.07832E-07 5.19885E-07 1.30764E-06 1.74213E-06 4.39763E-06
   5115. 1.08390E-07 5.19577E-07 1.30438E-06 1.73429E-06 4.33625E-06
   5117. 1.08681E-07 5.20371E-07 1.30571E-06 1.72561E-06 4.27531E-06
   5120. 1.08620E-07 5.20690E-07 1.30680E-06 1.71920E-06 4.21970E-06
   5123. 1.08304E-07 5.18872E-07 1.30179E-06 1.71762E-06 4.17398E-06
   5125. 1.08989E-07 5.16816E-07 1.29151E-06 1.71804E-06 4.13635E-06
   5128. 1.11482E-07 5.16413E-07 1.27880E-06 1.71845E-06 4.10795E-06
   5131. 1.14394E-07 5.17524E-07 1.26964E-06 1.72186E-06 4.10007E-06
   5134. 1.16809E-07 5.20016E-07 1.26785E-06 1.73136E-06 4.12007E-06
   5136. 1.18993E-07 5.24050E-07 1.27281E-06 1.74907E-06 4.16425E-06
   5139. 1.21242E-07 5.29355E-07 1.28254E-06 1.77706E-06 4.23262E-06
   5142. 1.23828E-07 5.35109E-07 1.29359E-06 1.81768E-06 4.32977E-06
   5144. 1.26895E-07 5.41861E-07 1.30709E-06 1.87338E-06 4.45551E-06
   5147. 1.30506E-07 5.51197E-07 1.32755E-06 1.94764E-06 4.60774E-06
   5150. 1.34391E-07 5.62898E-07 1.35476E-06 2.04215E-06 4.78953E-06
   5152. 1.38193E-07 5.76327E-07 1.38746E-06 2.15937E-06 5.00874E-06
   5155. 1.42026E-07 5.92717E-07 1.42929E-06 2.30028E-06 5.26874E-06
   5158. 1.46139E-07 6.13570E-07 1.48439E-06 2.46597E-06 5.57440E-06
   5160. 1.50726E-07 6.37870E-07 1.54914E-06 2.65059E-06 5.92600E-06
   5163. 1.55825E-07 6.64928E-07 1.62158E-06 2.85025E-06 6.32435E-06
   5166. 1.61011E-07 6.95250E-07 1.70527E-06 3.06463E-06 6.76301E-06
   5169. 1.65951E-07 7.28903E-07 1.80174E-06 3.29538E-06 7.24184E-06
   5171. 1.70476E-07 7.64638E-07 1.90701E-06 3.54465E-06 7.76664E-06
   5174. 1.74549E-07 8.02026E-07 2.01950E-06 3.81145E-06 8.33034E-06
   5177. 1.78234E-07 8.41294E-07 2.13950E-06 4.09012E-06 8.90976E-06
   5179. 1.81360E-07 8.80473E-07 2.26121E-06 4.36856E-06 9.49095E-06
   5182. 1.83599E-07 9.16851E-07 2.37705E-06 4.63238E-06 1.00656E-05
   5185. 1.85194E-07 9.56696E-07 2.50667E-06 4.89803E-06 1.06271E-05
   5188. 1.86576E-07 1.00788E-06 2.67432E-06 5.18793E-06 1.11697E-05
   5190. 1.88002E-07 1.06063E-06 2.84731E-06 5.47237E-06 1.16931E-05
   5193. 1.89596E-07 1.10447E-06 2.99098E-06 5.71894E-06 1.21960E-05
   5196. 1.91147E-07 1.14360E-06 3.11886E-06 5.93980E-06 1.26751E-05
   5198. 1.92421E-07 1.18124E-06 3.24168E-06 6.14602E-06 1.31245E-05
   5201. 1.93237E-07 1.21399E-06 3.34966E-06 6.33570E-06 1.35386E-05
   5204. 1.93646E-07 1.24038E-06 3.43827E-06 6.50754E-06 1.39109E-05
   5206. 1.94056E-07 1.26298E-06 3.51433E-06 6.66467E-06 1.42367E-05
   5209. 1.94684E-07 1.28374E-06 3.58351E-06 6.81129E-06 1.45179E-05
   5212. 1.95572E-07 1.30399E-06 3.65032E-06 6.95237E-06 1.47616E-05
   5214. 1.96623E-07 1.32369E-06 3.71504E-06 7.08658E-06 1.49780E-05
   5217. 1.97692E-07 1.34192E-06 3.77513E-06 7.20853E-06 1.51761E-05
   5220. 1.98955E-07 1.35815E-06 3.82746E-06 7.31835E-06 1.53530E-05
   5223. 2.00709E-07 1.37197E-06 3.86875E-06 7.41620E-06 1.54991E-05
   5225. 2.03079E-07 1.38396E-06 3.90038E-06 7.49720E-06 1.56067E-05
   5228. 2.06092E-07 1.39516E-06 3.92583E-06 7.55636E-06 1.56703E-05
   5231. 2.09394E-07 1.40789E-06 3.95453E-06 7.59752E-06 1.57033E-05
   5233. 2.12738E-07 1.42336E-06 3.99175E-06 7.62565E-06 1.57194E-05
   5236. 2.16132E-07 1.44004E-06 4.03268E-06 7.64890E-06 1.57355E-05
   5239. 2.19687E-07 1.45604E-06 4.07066E-06 7.66811E-06 1.57557E-05
   5242. 2.23627E-07 1.46899E-06 4.09682E-06 7.67502E-06 1.57681E-05
   5244. 2.27857E-07 1.47882E-06 4.11130E-06 7.66590E-06 1.57541E-05
   5247. 2.32017E-07 1.48718E-06 4.12119E-06 7.64060E-06 1.56892E-05
   5250. 2.35944E-07 1.49399E-06 4.12685E-06 7.60223E-06 1.55804E-05
   5252. 2.39570E-07 1.49831E-06 4.12528E-06 7.55509E-06 1.54498E-05
   5255. 2.42980E-07 1.50090E-06 4.11900E-06 7.50410E-06 1.53150E-05
   5258. 2.46270E-07 1.50284E-06 4.11154E-06 7.45366E-06 1.51898E-05
   5260. 2.49468E-07 1.50441E-06 4.10373E-06 7.40573E-06 1.50772E-05
   5263. 2.52601E-07 1.50566E-06 4.09554E-06 7.36154E-06 1.49775E-05
   5266. 2.55769E-07 1.50669E-06 4.08630E-06 7.32134E-06 1.48888E-05
   5268. 2.59060E-07 1.50744E-06 4.07519E-06 7.28611E-06 1.48116E-05
   5271. 2.62526E-07 1.50758E-06 4.06145E-06 7.25815E-06 1.47499E-05
   5274. 2.66169E-07 1.50812E-06 4.04845E-06 7.23827E-06 1.47078E-05
   5277. 2.69924E-07 1.51181E-06 4.04490E-06 7.22536E-06 1.46885E-05
   5279. 2.73617E-07 1.51957E-06 4.05468E-06 7.21813E-06 1.46906E-05
   5282. 2.76986E-07 1.53100E-06 4.07840E-06 7.21561E-06 1.47106E-05
   5285. 2.79964E-07 1.54456E-06 4.11154E-06 7.22063E-06 1.47550E-05
   5287. 2.82599E-07 1.55854E-06 4.14839E-06 7.23844E-06 1.48337E-05
   5290. 2.85287E-07 1.57370E-06 4.18922E-06 7.27186E-06 1.49339E-05
   5293. 2.88431E-07 1.59128E-06 4.23571E-06 7.32234E-06 1.50396E-05
   5296. 2.91999E-07 1.61085E-06 4.28644E-06 7.38222E-06 1.51425E-05
   5298. 2.95714E-07 1.63168E-06 4.34009E-06 7.44453E-06 1.52404E-05
   5301. 2.98793E-07 1.65241E-06 4.39613E-06 7.50547E-06 1.53418E-05
   5304. 3.00815E-07 1.67189E-06 4.45332E-06 7.56435E-06 1.54523E-05
   5306. 3.02032E-07 1.68924E-06 4.50862E-06 7.62460E-06 1.55714E-05
   5309. 3.02964E-07 1.70515E-06 4.56204E-06 7.68864E-06 1.56972E-05
   5312. 3.04436E-07 1.72207E-06 4.61666E-06 7.75776E-06 1.58271E-05
   5314. 3.06666E-07 1.74048E-06 4.67272E-06 7.83068E-06 1.59574E-05
   5317. 3.09522E-07 1.75970E-06 4.72857E-06 7.90437E-06 1.60837E-05
   5320. 3.12900E-07 1.77933E-06 4.78313E-06 7.97484E-06 1.62017E-05
   5322. 3.16749E-07 1.79912E-06 4.83541E-06 8.03742E-06 1.63067E-05
   5325. 3.20951E-07 1.81874E-06 4.88439E-06 8.08895E-06 1.63972E-05
   5328. 3.25415E-07 1.83786E-06 4.92904E-06 8.12725E-06 1.64715E-05
   5331. 3.30084E-07 1.85619E-06 4.96969E-06 8.15621E-06 1.65293E-05
   5333. 3.34850E-07 1.87350E-06 5.00680E-06 8.17773E-06 1.65726E-05
   5336. 3.39415E-07 1.88983E-06 5.04157E-06 8.18925E-06 1.66114E-05
   5339. 3.43396E-07 1.90513E-06 5.07566E-06 8.18930E-06 1.66514E-05
   5341. 3.46277E-07 1.91925E-06 5.11150E-06 8.17932E-06 1.66918E-05
   5344. 3.48114E-07 1.93154E-06 5.14644E-06 8.16162E-06 1.67230E-05
   5347. 3.49514E-07 1.94082E-06 5.17288E-06 8.13923E-06 1.67263E-05
   5350. 3.51162E-07 1.94802E-06 5.18994E-06 8.11156E-06 1.66948E-05
   5352. 3.53750E-07 1.95492E-06 5.19971E-06 8.07537E-06 1.66284E-05
   5355. 3.56977E-07 1.96027E-06 5.19994E-06 8.02802E-06 1.65451E-05
   5358. 3.60235E-07 1.96202E-06 5.18762E-06 7.96716E-06 1.64652E-05
   5360. 3.63119E-07 1.96149E-06 5.16972E-06 7.89712E-06 1.63872E-05
   5363. 3.65378E-07 1.96017E-06 5.15282E-06 7.82219E-06 1.63033E-05
   5366. 3.67167E-07 1.95823E-06 5.13656E-06 7.74478E-06 1.62025E-05
   5368. 3.68478E-07 1.95532E-06 5.11954E-06 7.66625E-06 1.60778E-05
   5371. 3.68937E-07 1.95060E-06 5.10030E-06 7.58712E-06 1.59324E-05
   5374. 3.68586E-07 1.94406E-06 5.07880E-06 7.50860E-06 1.57722E-05
   5376. 3.68106E-07 1.93695E-06 5.05673E-06 7.43260E-06 1.56071E-05
   5379. 3.68056E-07 1.93027E-06 5.03289E-06 7.35264E-06 1.54391E-05
   5382. 3.68895E-07 1.92479E-06 5.00432E-06 7.25694E-06 1.52639E-05
   5385. 3.70323E-07 1.91980E-06 4.97970E-06 7.16931E-06 1.50860E-05
   5387. 3.71678E-07 1.91389E-06 4.96760E-06 7.11592E-06 1.49140E-05
   5390. 3.72670E-07 1.90690E-06 4.92310E-06 6.98200E-06 1.47520E-05
   5393. 3.73170E-07 1.89898E-06 4.82918E-06 6.72577E-06 1.46024E-05
   5395. 3.73397E-07 1.89026E-06 4.89509E-06 6.89678E-06 1.44615E-05
   5398. 3.73602E-07 1.88099E-06 5.24168E-06 7.78128E-06 1.43276E-05
   5401. 3.74021E-07 1.87222E-06 5.56557E-06 8.46159E-06 1.42055E-05
   5404. 3.74776E-07 1.86473E-06 5.69047E-06 8.41301E-06 1.40990E-05
   5406. 3.75787E-07 1.85875E-06 5.74559E-06 8.05425E-06 1.40067E-05
   5409. 3.76988E-07 1.85463E-06 5.79085E-06 7.71986E-06 1.39272E-05
   5412. 3.78337E-07 1.85287E-06 5.79012E-06 7.61162E-06 1.38588E-05
   5414. 3.79900E-07 1.85324E-06 5.74946E-06 7.68253E-06 1.38005E-05
   5417. 3.81813E-07 1.85511E-06 5.70825E-06 7.71775E-06 1.37519E-05
   5420. 3.83902E-07 1.85834E-06 5.68228E-06 7.68153E-06 1.37087E-05
   5422. 3.85808E-07 1.86299E-06 5.67552E-06 7.61868E-06 1.36651E-05
   5425. 3.87025E-07 1.86765E-06 5.67832E-06 7.56046E-06 1.36149E-05
   5428. 3.87110E-07 1.87096E-06 5.68052E-06 7.52846E-06 1.35548E-05
   5430. 3.86366E-07 1.87358E-06 5.68376E-06 7.51955E-06 1.34929E-05
   5433. 3.85182E-07 1.87598E-06 5.68927E-06 7.52662E-06 1.34371E-05
   5436. 3.84025E-07 1.87740E-06 5.69124E-06 7.53858E-06 1.33888E-05
   5439. 3.83166E-07 1.87699E-06 5.68473E-06 7.54595E-06 1.33448E-05
   5441. 3.82609E-07 1.87397E-06 5.66730E-06 7.54035E-06 1.32941E-05
   5444. 3.82257E-07 1.86879E-06 5.64179E-06 7.51805E-06 1.32318E-05
   5447. 3.81914E-07 1.86322E-06 5.61684E-06 7.47981E-06 1.31589E-05
   5449. 3.81314E-07 1.85787E-06 5.59646E-06 7.43120E-06 1.30778E-05
   5452. 3.80153E-07 1.85266E-06 5.58186E-06 7.38068E-06 1.29909E-05
   5455. 3.78601E-07 1.84792E-06 5.57173E-06 7.33293E-06 1.28939E-05
   5458. 3.77035E-07 1.84392E-06 5.56339E-06 7.29045E-06 1.27798E-05
   5460. 3.75938E-07 1.83941E-06 5.55086E-06 7.25042E-06 1.26534E-05
   5463. 3.75776E-07 1.83322E-06 5.52901E-06 7.20913E-06 1.25217E-05
   5466. 3.76699E-07 1.82623E-06 5.50042E-06 7.16399E-06 1.23932E-05
   5468. 3.78545E-07 1.81922E-06 5.46785E-06 7.11214E-06 1.22735E-05
   5471. 3.80355E-07 1.81219E-06 5.43300E-06 7.05000E-06 1.21611E-05
   5474. 3.81579E-07 1.80496E-06 5.39603E-06 6.97590E-06 1.20530E-05
   5476. 3.82294E-07 1.79717E-06 5.35530E-06 6.89170E-06 1.19442E-05
   5479. 3.82793E-07 1.78878E-06 5.31052E-06 6.80353E-06 1.18311E-05
   5482. 3.83574E-07 1.78006E-06 5.26280E-06 6.72206E-06 1.17116E-05
   5484. 3.84915E-07 1.77123E-06 5.21293E-06 6.65071E-06 1.15907E-05
   5487. 3.86987E-07 1.76258E-06 5.16164E-06 6.58886E-06 1.14785E-05
   5490. 3.89708E-07 1.75476E-06 5.11130E-06 6.53106E-06 1.13849E-05
   5493. 3.92913E-07 1.74859E-06 5.06508E-06 6.47136E-06 1.13182E-05
   5495. 3.96219E-07 1.74446E-06 5.02579E-06 6.41020E-06 1.12653E-05
   5498. 3.99266E-07 1.74233E-06 4.99489E-06 6.35028E-06 1.12116E-05
   5501. 4.01872E-07 1.74059E-06 4.96774E-06 6.29714E-06 1.11498E-05
   5503. 4.03993E-07 1.73844E-06 4.94148E-06 6.25485E-06 1.10811E-05
   5506. 4.05870E-07 1.73696E-06 4.91760E-06 6.22319E-06 1.10225E-05
   5509. 4.07704E-07 1.73704E-06 4.89756E-06 6.19887E-06 1.09843E-05
   5512. 4.09663E-07 1.73915E-06 4.88228E-06 6.17424E-06 1.09673E-05
   5514. 4.11843E-07 1.74304E-06 4.87280E-06 6.14956E-06 1.09688E-05
   5517. 4.14297E-07 1.74788E-06 4.87058E-06 6.13182E-06 1.09834E-05
   5520. 4.16972E-07 1.75327E-06 4.87707E-06 6.12453E-06 1.10055E-05
   5522. 4.19750E-07 1.75902E-06 4.89371E-06 6.12942E-06 1.10294E-05
   5525. 4.22440E-07 1.76500E-06 4.91660E-06 6.14160E-06 1.10520E-05
   5528. 4.24881E-07 1.77095E-06 4.94014E-06 6.15493E-06 1.10708E-05
   5530. 4.27258E-07 1.77580E-06 4.95760E-06 6.16556E-06 1.10860E-05
   5533. 4.29784E-07 1.77892E-06 4.96444E-06 6.17191E-06 1.10988E-05
   5536. 4.32569E-07 1.78166E-06 4.96441E-06 6.17791E-06 1.11123E-05
   5538. 4.35672E-07 1.78548E-06 4.96172E-06 6.18768E-06 1.11290E-05
   5541. 4.39061E-07 1.79184E-06 4.96099E-06 6.20485E-06 1.11498E-05
   5544. 4.42717E-07 1.80120E-06 4.96444E-06 6.22708E-06 1.11739E-05
   5547. 4.46622E-07 1.81280E-06 4.97180E-06 6.24474E-06 1.11986E-05
   5549. 4.50604E-07 1.82509E-06 4.98073E-06 6.25409E-06 1.12246E-05
   5552. 4.54362E-07 1.83591E-06 4.98767E-06 6.25564E-06 1.12553E-05
   5555. 4.57743E-07 1.84466E-06 4.99413E-06 6.25318E-06 1.12908E-05
   5557. 4.60668E-07 1.85151E-06 5.00427E-06 6.25140E-06 1.13297E-05
   5560. 4.63338E-07 1.85817E-06 5.02227E-06 6.25079E-06 1.13673E-05
   5563. 4.65975E-07 1.86625E-06 5.05092E-06 6.25183E-06 1.14000E-05
   5566. 4.68650E-07 1.87517E-06 5.08432E-06 6.25969E-06 1.14322E-05
   5568. 4.71433E-07 1.88403E-06 5.11604E-06 6.27862E-06 1.14682E-05
   5571. 4.74494E-07 1.89202E-06 5.14090E-06 6.30712E-06 1.15094E-05
   5574. 4.77968E-07 1.89933E-06 5.15766E-06 6.34564E-06 1.15583E-05
   5576. 4.81921E-07 1.90790E-06 5.17148E-06 6.39783E-06 1.16192E-05
   5579. 4.86503E-07 1.91877E-06 5.18518E-06 6.46499E-06 1.16945E-05
   5582. 4.91948E-07 1.93210E-06 5.19926E-06 6.54529E-06 1.17837E-05
   5584. 4.97996E-07 1.94800E-06 5.21601E-06 6.63209E-06 1.18786E-05
   5587. 5.04069E-07 1.96648E-06 5.23896E-06 6.71624E-06 1.19660E-05
   5590. 5.09850E-07 1.98581E-06 5.26726E-06 6.79965E-06 1.20445E-05
   5592. 5.15159E-07 2.00384E-06 5.29939E-06 6.88688E-06 1.21163E-05
   5595. 5.20131E-07 2.02073E-06 5.33857E-06 6.96889E-06 1.21804E-05
   5598. 5.24891E-07 2.03651E-06 5.38755E-06 7.03692E-06 1.22337E-05
   5601. 5.29344E-07 2.04891E-06 5.44013E-06 7.09869E-06 1.22734E-05
   5603. 5.33412E-07 2.05667E-06 5.49295E-06 7.16294E-06 1.22949E-05
   5606. 5.37211E-07 2.06227E-06 5.55132E-06 7.23652E-06 1.22932E-05
   5609. 5.40759E-07 2.06681E-06 5.61330E-06 7.31561E-06 1.22706E-05
   5611. 5.43941E-07 2.06922E-06 5.66454E-06 7.38032E-06 1.22431E-05
   5614. 5.47099E-07 2.06964E-06 5.69603E-06 7.42413E-06 1.22289E-05
   5617. 5.51080E-07 2.06971E-06 5.70357E-06 7.45334E-06 1.22505E-05
   5620. 5.56771E-07 2.07314E-06 5.69557E-06 7.48320E-06 1.23257E-05
   5622. 5.65244E-07 2.08533E-06 5.68733E-06 7.53670E-06 1.24744E-05
   5625. 5.77161E-07 2.10915E-06 5.68781E-06 7.64052E-06 1.27149E-05
   5628. 5.93180E-07 2.14747E-06 5.70641E-06 7.82234E-06 1.30691E-05
   5630. 6.12870E-07 2.20158E-06 5.76027E-06 8.07566E-06 1.35280E-05
   5633. 6.36021E-07 2.27310E-06 5.86589E-06 8.39893E-06 1.40880E-05
   5636. 6.62697E-07 2.36066E-06 6.02056E-06 8.80868E-06 1.47487E-05
   5638. 6.93085E-07 2.46380E-06 6.22424E-06 9.31204E-06 1.55052E-05
   5641. 7.26954E-07 2.58210E-06 6.48015E-06 9.87845E-06 1.63250E-05
   5644. 7.63933E-07 2.71495E-06 6.79185E-06 1.04936E-05 1.71870E-05
   5646. 8.03297E-07 2.86070E-06 7.16095E-06 1.11629E-05 1.80810E-05
   5649. 8.44033E-07 3.01568E-06 7.58426E-06 1.18756E-05 1.89825E-05
   5652. 8.84795E-07 3.17427E-06 8.05507E-06 1.26056E-05 1.98528E-05
   5655. 9.24515E-07 3.33229E-06 8.56145E-06 1.33335E-05 2.06779E-05
   5657. 9.62217E-07 3.48580E-06 9.08861E-06 1.40437E-05 2.14537E-05
   5660. 9.98100E-07 3.63160E-06 9.61550E-06 1.47430E-05 2.21850E-05
   5663. 1.03232E-06 3.76647E-06 1.01211E-05 1.54373E-05 2.28713E-05
   5665. 1.06397E-06 3.89046E-06 1.06000E-05 1.60996E-05 2.34968E-05
   5668. 1.09217E-06 4.00343E-06 1.10453E-05 1.67019E-05 2.40458E-05
   5671. 1.11755E-06 4.10538E-06 1.14424E-05 1.72385E-05 2.45264E-05
   5674. 1.14043E-06 4.19589E-06 1.17826E-05 1.77038E-05 2.49400E-05
   5676. 1.16061E-06 4.27498E-06 1.20733E-05 1.80929E-05 2.52779E-05
   5679. 1.17827E-06 4.34315E-06 1.23204E-05 1.84146E-05 2.55434E-05
   5682. 1.19407E-06 4.40200E-06 1.25292E-05 1.86958E-05 2.57573E-05
   5684. 1.20859E-06 4.45389E-06 1.27057E-05 1.89446E-05 2.59328E-05
   5687. 1.22224E-06 4.50158E-06 1.28555E-05 1.91549E-05 2.60779E-05
   5690. 1.23504E-06 4.54486E-06 1.29799E-05 1.93328E-05 2.62077E-05
   5692. 1.24670E-06 4.58204E-06 1.30771E-05 1.94882E-05 2.63386E-05
   5695. 1.25684E-06 4.61411E-06 1.31557E-05 1.96290E-05 2.64752E-05
   5698. 1.26511E-06 4.64202E-06 1.32231E-05 1.97577E-05 2.66150E-05
   5700. 1.27199E-06 4.66530E-06 1.32751E-05 1.98630E-05 2.67414E-05
   5703. 1.27782E-06 4.68261E-06 1.33064E-05 1.99363E-05 2.68336E-05
   5706. 1.28253E-06 4.69216E-06 1.33173E-05 1.99866E-05 2.68685E-05
   5709. 1.28554E-06 4.69264E-06 1.33117E-05 2.00135E-05 2.68327E-05
   5711. 1.28549E-06 4.68411E-06 1.33004E-05 2.00004E-05 2.67332E-05
   5714. 1.28139E-06 4.66570E-06 1.32842E-05 1.99341E-05 2.65753E-05
   5717. 1.27259E-06 4.63550E-06 1.32533E-05 1.98037E-05 2.63625E-05
   5719. 1.26027E-06 4.59450E-06 1.32004E-05 1.96029E-05 2.60933E-05
   5722. 1.24663E-06 4.54505E-06 1.31189E-05 1.93261E-05 2.57606E-05
   5725. 1.23238E-06 4.48778E-06 1.30066E-05 1.89940E-05 2.53735E-05
   5728. 1.21748E-06 4.42196E-06 1.28609E-05 1.86310E-05 2.49436E-05
   5730. 1.20157E-06 4.34757E-06 1.26803E-05 1.82376E-05 2.44818E-05
   5733. 1.18434E-06 4.26496E-06 1.24622E-05 1.78079E-05 2.39985E-05
   5736. 1.16607E-06 4.17816E-06 1.22117E-05 1.73502E-05 2.35146E-05
   5738. 1.14756E-06 4.09133E-06 1.19334E-05 1.68760E-05 2.30527E-05
   5741. 1.13065E-06 4.00867E-06 1.16341E-05 1.64055E-05 2.26375E-05
   5744. 1.11635E-06 3.93428E-06 1.13254E-05 1.59541E-05 2.22842E-05
   5746. 1.10437E-06 3.87225E-06 1.10291E-05 1.55306E-05 2.19931E-05
   5749. 1.09473E-06 3.82315E-06 1.07557E-05 1.51464E-05 2.17617E-05
   5752. 1.08781E-06 3.78470E-06 1.05084E-05 1.48183E-05 2.15859E-05
   5754. 1.08346E-06 3.75656E-06 1.03010E-05 1.45494E-05 2.14581E-05
   5757. 1.08136E-06 3.74007E-06 1.01550E-05 1.43401E-05 2.13728E-05
   5760. 1.08164E-06 3.73395E-06 1.00626E-05 1.41968E-05 2.13399E-05
   5763. 1.08468E-06 3.73718E-06 1.00112E-05 1.41293E-05 2.13753E-05
   5765. 1.09011E-06 3.75069E-06 9.99818E-06 1.41191E-05 2.14665E-05
   5768. 1.09759E-06 3.77541E-06 1.00237E-05 1.41489E-05 2.16012E-05
   5771. 1.10654E-06 3.80738E-06 1.00770E-05 1.42077E-05 2.17714E-05
   5773. 1.11667E-06 3.84388E-06 1.01521E-05 1.42902E-05 2.19695E-05
   5776. 1.12795E-06 3.88465E-06 1.02496E-05 1.43938E-05 2.21810E-05
   5779. 1.14065E-06 3.92984E-06 1.03674E-05 1.45197E-05 2.23987E-05
   5782. 1.15534E-06 3.97971E-06 1.04974E-05 1.46724E-05 2.26248E-05
   5784. 1.17170E-06 4.03415E-06 1.06362E-05 1.48475E-05 2.28604E-05
   5787. 1.18866E-06 4.09275E-06 1.07838E-05 1.50340E-05 2.31057E-05
   5790. 1.20561E-06 4.15388E-06 1.09379E-05 1.52247E-05 2.33597E-05
   5792. 1.22222E-06 4.21534E-06 1.10948E-05 1.54157E-05 2.36210E-05
   5795. 1.23850E-06 4.27620E-06 1.12530E-05 1.56120E-05 2.38890E-05
   5798. 1.25456E-06 4.33595E-06 1.14110E-05 1.58209E-05 2.41640E-05
   5800. 1.27057E-06 4.39449E-06 1.15655E-05 1.60427E-05 2.44477E-05
   5803. 1.28674E-06 4.45231E-06 1.17144E-05 1.62740E-05 2.47407E-05
   5806. 1.30341E-06 4.51135E-06 1.18618E-05 1.65008E-05 2.50366E-05
   5808. 1.32066E-06 4.57259E-06 1.20108E-05 1.67118E-05 2.53279E-05
   5811. 1.33796E-06 4.63473E-06 1.21607E-05 1.69009E-05 2.56043E-05
   5814. 1.35457E-06 4.69507E-06 1.23082E-05 1.70678E-05 2.58594E-05
   5817. 1.36944E-06 4.74913E-06 1.24462E-05 1.72190E-05 2.60915E-05
   5819. 1.38221E-06 4.79486E-06 1.25698E-05 1.73614E-05 2.62975E-05
   5822. 1.39298E-06 4.83181E-06 1.26755E-05 1.75018E-05 2.64714E-05
   5825. 1.40184E-06 4.86171E-06 1.27674E-05 1.76311E-05 2.66036E-05
   5827. 1.40873E-06 4.88610E-06 1.28495E-05 1.77323E-05 2.66810E-05
   5830. 1.41364E-06 4.90165E-06 1.29107E-05 1.77955E-05 2.67082E-05
   5833. 1.41642E-06 4.90415E-06 1.29372E-05 1.78129E-05 2.66899E-05
   5836. 1.41719E-06 4.89614E-06 1.29345E-05 1.77898E-05 2.66310E-05
   5838. 1.41595E-06 4.87952E-06 1.29057E-05 1.77317E-05 2.65306E-05
   5841. 1.41265E-06 4.85420E-06 1.28463E-05 1.76472E-05 2.63826E-05
   5844. 1.40679E-06 4.81916E-06 1.27536E-05 1.75350E-05 2.61746E-05
   5846. 1.39729E-06 4.77311E-06 1.26316E-05 1.73796E-05 2.58874E-05
   5849. 1.38386E-06 4.71481E-06 1.24793E-05 1.71750E-05 2.55211E-05
   5852. 1.36697E-06 4.64309E-06 1.22908E-05 1.69264E-05 2.50970E-05
   5854. 1.34657E-06 4.55884E-06 1.20716E-05 1.66395E-05 2.46310E-05
   5857. 1.32217E-06 4.46351E-06 1.18320E-05 1.63190E-05 2.41349E-05
   5860. 1.29489E-06 4.35708E-06 1.15662E-05 1.59751E-05 2.36231E-05
   5862. 1.26611E-06 4.23879E-06 1.12627E-05 1.56173E-05 2.31073E-05
   5865. 1.23567E-06 4.11385E-06 1.09376E-05 1.52482E-05 2.25791E-05
   5868. 1.20308E-06 3.98783E-06 1.06095E-05 1.48707E-05 2.20306E-05
   5871. 1.16905E-06 3.86403E-06 1.02857E-05 1.44971E-05 2.14794E-05
   5873. 1.13378E-06 3.74230E-06 9.96648E-06 1.41357E-05 2.09432E-05
   5876. 1.09627E-06 3.61502E-06 9.63979E-06 1.37812E-05 2.04306E-05
   5879. 1.05647E-06 3.48069E-06 9.30641E-06 1.34369E-05 1.99492E-05
   5881. 1.01611E-06 3.34776E-06 8.98785E-06 1.31205E-05 1.95048E-05
   5884. 9.77198E-07 3.22239E-06 8.69540E-06 1.28387E-05 1.91089E-05
   5887. 9.42189E-07 3.10938E-06 8.43275E-06 1.25895E-05 1.87810E-05
   5890. 9.11773E-07 3.01249E-06 8.20877E-06 1.23745E-05 1.85324E-05
   5892. 8.86131E-07 2.93642E-06 8.03770E-06 1.21993E-05 1.83742E-05
   5895. 8.66696E-07 2.88384E-06 7.91753E-06 1.20558E-05 1.83039E-05
   5898. 8.55468E-07 2.85807E-06 7.84524E-06 1.19367E-05 1.83196E-05
   5900. 8.51376E-07 2.85723E-06 7.82074E-06 1.18493E-05 1.84082E-05
   5903. 8.53972E-07 2.88077E-06 7.84646E-06 1.18065E-05 1.85614E-05
   5906. 8.64839E-07 2.92808E-06 7.91502E-06 1.18164E-05 1.87705E-05
   5908. 8.84572E-07 2.99859E-06 8.02509E-06 1.18850E-05 1.90275E-05
   5911. 9.09836E-07 3.08763E-06 8.18274E-06 1.20073E-05 1.93148E-05
   5914. 9.38886E-07 3.19066E-06 8.38572E-06 1.21764E-05 1.96233E-05
   5916. 9.71837E-07 3.30204E-06 8.61734E-06 1.23792E-05 1.99520E-05
   5919. 1.00727E-06 3.41754E-06 8.86701E-06 1.26007E-05 2.02857E-05
   5922. 1.04234E-06 3.53344E-06 9.12785E-06 1.28223E-05 2.05955E-05
   5925. 1.07589E-06 3.64532E-06 9.38391E-06 1.30317E-05 2.08712E-05
   5927. 1.10745E-06 3.74819E-06 9.61532E-06 1.32188E-05 2.11114E-05
   5930. 1.13630E-06 3.84240E-06 9.82630E-06 1.33840E-05 2.13280E-05
   5933. 1.16164E-06 3.92888E-06 1.00242E-05 1.35287E-05 2.15344E-05
   5935. 1.18419E-06 4.00695E-06 1.02014E-05 1.36530E-05 2.17397E-05
   5938. 1.20490E-06 4.07666E-06 1.03528E-05 1.37571E-05 2.19480E-05
   5941. 1.22530E-06 4.14337E-06 1.04936E-05 1.38479E-05 2.21529E-05
   5944. 1.24617E-06 4.20995E-06 1.06322E-05 1.39312E-05 2.23487E-05
   5946. 1.26703E-06 4.27419E-06 1.07622E-05 1.40115E-05 2.25338E-05
   5949. 1.28705E-06 4.33394E-06 1.08797E-05 1.40890E-05 2.27083E-05
   5952. 1.30512E-06 4.38748E-06 1.09846E-05 1.41603E-05 2.28747E-05
   5954. 1.32136E-06 4.43528E-06 1.10776E-05 1.42256E-05 2.30309E-05
   5957. 1.33673E-06 4.47931E-06 1.11600E-05 1.42876E-05 2.31710E-05
   5960. 1.35150E-06 4.52089E-06 1.12342E-05 1.43443E-05 2.32927E-05
   5962. 1.36554E-06 4.56051E-06 1.13018E-05 1.43909E-05 2.33940E-05
   5965. 1.37856E-06 4.59632E-06 1.13599E-05 1.44261E-05 2.34735E-05
   5968. 1.38986E-06 4.62566E-06 1.14054E-05 1.44496E-05 2.35254E-05
   5970. 1.39797E-06 4.64721E-06 1.14439E-05 1.44670E-05 2.35358E-05
   5973. 1.40189E-06 4.65970E-06 1.14777E-05 1.44795E-05 2.34939E-05
   5976. 1.40286E-06 4.66322E-06 1.14992E-05 1.44764E-05 2.34097E-05
   5979. 1.40158E-06 4.65750E-06 1.15022E-05 1.44497E-05 2.32906E-05
   5981. 1.39792E-06 4.64238E-06 1.14849E-05 1.43975E-05 2.31416E-05
   5984. 1.39217E-06 4.61796E-06 1.14436E-05 1.43218E-05 2.29651E-05
   5987. 1.38521E-06 4.58491E-06 1.13724E-05 1.42282E-05 2.27621E-05
   5989. 1.37731E-06 4.54620E-06 1.12764E-05 1.41206E-05 2.25385E-05
   5992. 1.36830E-06 4.50609E-06 1.11672E-05 1.40012E-05 2.23048E-05
   5995. 1.35862E-06 4.46580E-06 1.10491E-05 1.38737E-05 2.20823E-05
   5998. 1.34891E-06 4.42594E-06 1.09251E-05 1.37417E-05 2.18950E-05
   6000. 1.33952E-06 4.39125E-06 1.08126E-05 1.36116E-05 2.17440E-05
   6003. 1.33088E-06 4.36631E-06 1.07269E-05 1.34907E-05 2.16288E-05
   6006. 1.32383E-06 4.34900E-06 1.06588E-05 1.33886E-05 2.15530E-05
   6008. 1.31933E-06 4.33812E-06 1.06016E-05 1.33144E-05 2.15222E-05
   6011. 1.31808E-06 4.33523E-06 1.05598E-05 1.32731E-05 2.15372E-05
   6014. 1.32023E-06 4.34121E-06 1.05395E-05 1.32707E-05 2.15972E-05
   6016. 1.32489E-06 4.35508E-06 1.05468E-05 1.33132E-05 2.16958E-05
   6019. 1.33151E-06 4.37751E-06 1.05894E-05 1.33988E-05 2.18266E-05
   6022. 1.33982E-06 4.41072E-06 1.06758E-05 1.35176E-05 2.19826E-05
   6024. 1.34970E-06 4.45209E-06 1.07951E-05 1.36606E-05 2.21606E-05
   6027. 1.36113E-06 4.49678E-06 1.09270E-05 1.38191E-05 2.23596E-05
   6030. 1.37372E-06 4.54454E-06 1.10676E-05 1.39811E-05 2.25683E-05
   6033. 1.38703E-06 4.59650E-06 1.12187E-05 1.41336E-05 2.27730E-05
   6035. 1.40061E-06 4.64964E-06 1.13730E-05 1.42652E-05 2.29668E-05
   6038. 1.41427E-06 4.70094E-06 1.15215E-05 1.43685E-05 2.31492E-05
   6041. 1.42846E-06 4.74999E-06 1.16561E-05 1.44541E-05 2.33375E-05
   6043. 1.44345E-06 4.79739E-06 1.17728E-05 1.45334E-05 2.35436E-05
   6046. 1.45897E-06 4.84537E-06 1.18775E-05 1.46202E-05 2.37648E-05
   6049. 1.47483E-06 4.89593E-06 1.19775E-05 1.47298E-05 2.40010E-05
   6052. 1.49111E-06 4.95088E-06 1.20824E-05 1.48818E-05 2.42571E-05
   6054. 1.50880E-06 5.01094E-06 1.21943E-05 1.50798E-05 2.45387E-05
   6057. 1.52974E-06 5.07607E-06 1.23089E-05 1.53158E-05 2.48518E-05
   6060. 1.55375E-06 5.14544E-06 1.24285E-05 1.55823E-05 2.51867E-05
   6062. 1.57982E-06 5.21829E-06 1.25595E-05 1.58740E-05 2.55259E-05
   6065. 1.60750E-06 5.29630E-06 1.27090E-05 1.61890E-05 2.58590E-05
   6068. 1.63654E-06 5.38169E-06 1.28854E-05 1.65261E-05 2.61766E-05
   6070. 1.66593E-06 5.47291E-06 1.30944E-05 1.68709E-05 2.64693E-05
   6073. 1.69448E-06 5.56615E-06 1.33365E-05 1.72078E-05 2.67289E-05
   6076. 1.72055E-06 5.65132E-06 1.35899E-05 1.75196E-05 2.69554E-05
   6078. 1.74294E-06 5.72178E-06 1.38360E-05 1.77887E-05 2.71407E-05
   6081. 1.76135E-06 5.77818E-06 1.40622E-05 1.79961E-05 2.72627E-05
   6084. 1.77523E-06 5.81830E-06 1.42513E-05 1.81355E-05 2.73079E-05
   6087. 1.78374E-06 5.83621E-06 1.43785E-05 1.82149E-05 2.72746E-05
   6089. 1.78748E-06 5.83451E-06 1.44409E-05 1.82334E-05 2.71815E-05
   6092. 1.78799E-06 5.82149E-06 1.44492E-05 1.81814E-05 2.70611E-05
   6095. 1.78501E-06 5.79954E-06 1.44102E-05 1.80654E-05 2.69258E-05
   6097. 1.77743E-06 5.76783E-06 1.43258E-05 1.78969E-05 2.67781E-05
   6100. 1.76645E-06 5.72821E-06 1.42039E-05 1.76995E-05 2.66200E-05
   6103. 1.75366E-06 5.68280E-06 1.40517E-05 1.74973E-05 2.64551E-05
   6106. 1.74050E-06 5.63430E-06 1.38803E-05 1.73135E-05 2.62956E-05
   6108. 1.72843E-06 5.58613E-06 1.37015E-05 1.71669E-05 2.61599E-05
   6111. 1.71933E-06 5.54426E-06 1.35332E-05 1.70644E-05 2.60777E-05
   6114. 1.71428E-06 5.51359E-06 1.33929E-05 1.70146E-05 2.60642E-05
   6116. 1.71287E-06 5.49697E-06 1.32985E-05 1.70287E-05 2.61072E-05
   6119. 1.71499E-06 5.49423E-06 1.32511E-05 1.71028E-05 2.61900E-05
   6122. 1.72084E-06 5.50218E-06 1.32351E-05 1.72156E-05 2.62898E-05
   6124. 1.73019E-06 5.52083E-06 1.32495E-05 1.73485E-05 2.63862E-05
   6127. 1.74258E-06 5.55219E-06 1.33039E-05 1.74863E-05 2.64599E-05
   6130. 1.75664E-06 5.59079E-06 1.33880E-05 1.76325E-05 2.65118E-05
   6132. 1.77089E-06 5.62914E-06 1.34869E-05 1.77940E-05 2.65495E-05
   6135. 1.78505E-06 5.66552E-06 1.35942E-05 1.79462E-05 2.65779E-05
   6138. 1.79880E-06 5.69907E-06 1.37071E-05 1.80608E-05 2.65982E-05
   6141. 1.81068E-06 5.72688E-06 1.38228E-05 1.81331E-05 2.66049E-05
   6143. 1.81963E-06 5.74628E-06 1.39329E-05 1.81606E-05 2.65933E-05
   6146. 1.82615E-06 5.75698E-06 1.40161E-05 1.81449E-05 2.65663E-05
   6149. 1.83054E-06 5.75904E-06 1.40554E-05 1.80853E-05 2.65272E-05
   6151. 1.83281E-06 5.75353E-06 1.40415E-05 1.79815E-05 2.64822E-05
   6154. 1.83352E-06 5.74256E-06 1.39803E-05 1.78436E-05 2.64364E-05
   6157. 1.83370E-06 5.72939E-06 1.38918E-05 1.76940E-05 2.63951E-05
   6160. 1.83351E-06 5.71488E-06 1.37910E-05 1.75540E-05 2.63557E-05
   6162. 1.83257E-06 5.69847E-06 1.36893E-05 1.74445E-05 2.63119E-05
   6165. 1.83078E-06 5.68021E-06 1.35906E-05 1.73664E-05 2.62648E-05
   6168. 1.82832E-06 5.66094E-06 1.34972E-05 1.73151E-05 2.62173E-05
   6170. 1.82636E-06 5.64484E-06 1.34159E-05 1.72857E-05 2.61710E-05
   6173. 1.82604E-06 5.63531E-06 1.33528E-05 1.72768E-05 2.61286E-05
   6176. 1.82742E-06 5.62978E-06 1.33049E-05 1.72915E-05 2.60975E-05
   6178. 1.83031E-06 5.62529E-06 1.32677E-05 1.73366E-05 2.60798E-05
   6181. 1.83416E-06 5.61891E-06 1.32346E-05 1.74208E-05 2.60642E-05
   6184. 1.83897E-06 5.61104E-06 1.32018E-05 1.75463E-05 2.60434E-05
   6186. 1.84549E-06 5.60644E-06 1.31685E-05 1.77050E-05 2.60152E-05
   6189. 1.85462E-06 5.60891E-06 1.31388E-05 1.78917E-05 2.59752E-05
   6192. 1.86741E-06 5.62152E-06 1.31212E-05 1.81039E-05 2.59162E-05
   6195. 1.88305E-06 5.64178E-06 1.31212E-05 1.83363E-05 2.58351E-05
   6197. 1.89999E-06 5.66478E-06 1.31436E-05 1.85795E-05 2.57300E-05
   6200. 1.91790E-06 5.68800E-06 1.31870E-05 1.88040E-05 2.56070E-05
   6203. 1.93655E-06 5.70972E-06 1.32518E-05 1.89797E-05 2.54729E-05
   6205. 1.95375E-06 5.72813E-06 1.33492E-05 1.91191E-05 2.53317E-05
   6208. 1.96735E-06 5.74095E-06 1.34827E-05 1.92342E-05 2.51870E-05
   6211. 1.97666E-06 5.74529E-06 1.36180E-05 1.93194E-05 2.50462E-05
   6214. 1.98202E-06 5.74188E-06 1.37227E-05 1.93636E-05 2.49219E-05
   6216. 1.98587E-06 5.73929E-06 1.37731E-05 1.93546E-05 2.48364E-05
   6219. 1.98994E-06 5.74305E-06 1.37688E-05 1.93059E-05 2.48018E-05
   6222. 1.99526E-06 5.75522E-06 1.37373E-05 1.92655E-05 2.48177E-05
   6224. 2.00264E-06 5.77420E-06 1.36953E-05 1.92648E-05 2.48806E-05
   6227. 2.01284E-06 5.79623E-06 1.36538E-05 1.93259E-05 2.49857E-05
   6230. 2.02524E-06 5.82229E-06 1.36320E-05 1.94480E-05 2.51200E-05
   6232. 2.03869E-06 5.85574E-06 1.36546E-05 1.96236E-05 2.52704E-05
   6235. 2.05208E-06 5.89708E-06 1.37331E-05 1.98418E-05 2.54397E-05
   6238. 2.06449E-06 5.94586E-06 1.38739E-05 2.00921E-05 2.56320E-05
   6240. 2.07581E-06 5.99845E-06 1.40572E-05 2.03546E-05 2.58288E-05
   6243. 2.08615E-06 6.05088E-06 1.42605E-05 2.06119E-05 2.60122E-05
   6246. 2.09592E-06 6.09857E-06 1.44552E-05 2.08527E-05 2.61740E-05
   6249. 2.10536E-06 6.13946E-06 1.46258E-05 2.10704E-05 2.63129E-05
   6251. 2.11437E-06 6.17563E-06 1.47759E-05 2.12639E-05 2.64381E-05
   6254. 2.12225E-06 6.20798E-06 1.49098E-05 2.14308E-05 2.65557E-05
   6257. 2.12766E-06 6.23601E-06 1.50305E-05 2.15664E-05 2.66686E-05
   6259. 2.13098E-06 6.25989E-06 1.51349E-05 2.16708E-05 2.67781E-05
   6262. 2.13374E-06 6.28043E-06 1.52156E-05 2.17467E-05 2.68852E-05
   6265. 2.13710E-06 6.30060E-06 1.52778E-05 2.18041E-05 2.69963E-05
   6268. 2.14214E-06 6.32417E-06 1.53307E-05 2.18549E-05 2.71220E-05
   6270. 2.14966E-06 6.35249E-06 1.53807E-05 2.19094E-05 2.72769E-05
   6273. 2.16056E-06 6.38744E-06 1.54352E-05 2.19766E-05 2.74769E-05
   6276. 2.17554E-06 6.43320E-06 1.55074E-05 2.20619E-05 2.77260E-05
   6278. 2.19455E-06 6.49140E-06 1.56062E-05 2.21676E-05 2.80202E-05
   6281. 2.21496E-06 6.55509E-06 1.57250E-05 2.22880E-05 2.83317E-05
   6284. 2.23487E-06 6.61832E-06 1.58563E-05 2.24174E-05 2.86381E-05
   6286. 2.25336E-06 6.67642E-06 1.59903E-05 2.25496E-05 2.89230E-05
   6289. 2.27025E-06 6.72698E-06 1.61199E-05 2.26814E-05 2.91703E-05
   6292. 2.28592E-06 6.76910E-06 1.62383E-05 2.28108E-05 2.93613E-05
   6294. 2.30059E-06 6.80369E-06 1.63383E-05 2.29287E-05 2.94999E-05
   6297. 2.31431E-06 6.83256E-06 1.64117E-05 2.30201E-05 2.96007E-05
   6300. 2.32696E-06 6.85948E-06 1.64634E-05 2.30767E-05 2.96803E-05
   6303. 2.33820E-06 6.88803E-06 1.65017E-05 2.30939E-05 2.97491E-05
   6305. 2.34777E-06 6.91695E-06 1.65359E-05 2.30928E-05 2.97941E-05
   6308. 2.35568E-06 6.94325E-06 1.65691E-05 2.30938E-05 2.97965E-05
   6311. 2.36335E-06 6.96183E-06 1.65872E-05 2.31036E-05 2.97442E-05
   6313. 2.37165E-06 6.96904E-06 1.65769E-05 2.31157E-05 2.96319E-05
   6316. 2.38013E-06 6.96536E-06 1.65321E-05 2.31003E-05 2.94736E-05
   6319. 2.38726E-06 6.95128E-06 1.64566E-05 2.30371E-05 2.92767E-05
   6322. 2.39005E-06 6.92748E-06 1.63679E-05 2.29195E-05 2.90414E-05
   6324. 2.38789E-06 6.89566E-06 1.62711E-05 2.27527E-05 2.87720E-05
   6327. 2.38200E-06 6.85818E-06 1.61600E-05 2.25500E-05 2.84761E-05
   6330. 2.37284E-06 6.81440E-06 1.60279E-05 2.23178E-05 2.81527E-05
   6332. 2.36040E-06 6.76187E-06 1.58674E-05 2.20568E-05 2.77968E-05
   6335. 2.34560E-06 6.70150E-06 1.56850E-05 2.17670E-05 2.74220E-05
   6338. 2.32946E-06 6.63536E-06 1.54912E-05 2.14494E-05 2.70480E-05
   6340. 2.31284E-06 6.56860E-06 1.53020E-05 2.11216E-05 2.66963E-05
   6343. 2.29637E-06 6.50537E-06 1.51280E-05 2.08018E-05 2.63855E-05
   6346. 2.28048E-06 6.44587E-06 1.49623E-05 2.05040E-05 2.61210E-05
   6348. 2.26575E-06 6.39141E-06 1.48022E-05 2.02394E-05 2.59048E-05
   6351. 2.25311E-06 6.34609E-06 1.46568E-05 2.00144E-05 2.57308E-05
   6354. 2.24324E-06 6.31169E-06 1.45300E-05 1.98250E-05 2.56018E-05
   6357. 2.23660E-06 6.28722E-06 1.44196E-05 1.96553E-05 2.55311E-05
   6359. 2.23373E-06 6.27421E-06 1.43309E-05 1.95118E-05 2.55260E-05
   6362. 2.23533E-06 6.27637E-06 1.42759E-05 1.94196E-05 2.55909E-05
   6365. 2.24040E-06 6.29183E-06 1.42553E-05 1.93908E-05 2.57112E-05
   6367. 2.24754E-06 6.31744E-06 1.42678E-05 1.94350E-05 2.58689E-05
   6370. 2.25690E-06 6.35334E-06 1.43155E-05 1.95474E-05 2.60629E-05
   6373. 2.26901E-06 6.40073E-06 1.44045E-05 1.97205E-05 2.62951E-05
   6376. 2.28299E-06 6.45653E-06 1.45372E-05 1.99292E-05 2.65429E-05
   6378. 2.29836E-06 6.51796E-06 1.47115E-05 2.01492E-05 2.67880E-05
   6381. 2.31580E-06 6.58278E-06 1.49057E-05 2.03580E-05 2.70287E-05
   6384. 2.33520E-06 6.64909E-06 1.51027E-05 2.05441E-05 2.72627E-05
   6386. 2.35467E-06 6.71466E-06 1.52910E-05 2.07116E-05 2.74826E-05
   6389. 2.37315E-06 6.77921E-06 1.54681E-05 2.08679E-05 2.76861E-05
   6392. 2.39046E-06 6.84440E-06 1.56393E-05 2.10228E-05 2.78764E-05
   6394. 2.40716E-06 6.91105E-06 1.58045E-05 2.11786E-05 2.80575E-05
   6397. 2.42418E-06 6.97935E-06 1.59602E-05 2.13314E-05 2.82338E-05
   6400. 2.44117E-06 7.04735E-06 1.61073E-05 2.14724E-05 2.84055E-05
   6402. 2.45711E-06 7.11186E-06 1.62481E-05 2.15897E-05 2.85713E-05
   6405. 2.47080E-06 7.16873E-06 1.63816E-05 2.16773E-05 2.87317E-05
   6408. 2.48122E-06 7.21426E-06 1.65049E-05 2.17319E-05 2.88875E-05
   6411. 2.48905E-06 7.25009E-06 1.66135E-05 2.17636E-05 2.90395E-05
   6413. 2.49517E-06 7.27828E-06 1.67035E-05 2.17857E-05 2.91872E-05
   6416. 2.50080E-06 7.30207E-06 1.67756E-05 2.18190E-05 2.93283E-05
   6419. 2.50646E-06 7.32395E-06 1.68320E-05 2.18757E-05 2.94633E-05
   6421. 2.51182E-06 7.34581E-06 1.68771E-05 2.19550E-05 2.95984E-05
   6424. 2.51700E-06 7.36687E-06 1.69089E-05 2.20532E-05 2.97374E-05
   6427. 2.52268E-06 7.38406E-06 1.69197E-05 2.21638E-05 2.98823E-05
   6430. 2.52968E-06 7.40054E-06 1.69230E-05 2.22803E-05 3.00327E-05
   6432. 2.53890E-06 7.42277E-06 1.69435E-05 2.23956E-05 3.01858E-05
   6435. 2.55024E-06 7.45059E-06 1.69832E-05 2.25005E-05 3.03282E-05
   6438. 2.56317E-06 7.48147E-06 1.70371E-05 2.25879E-05 3.04425E-05
   6440. 2.57582E-06 7.51182E-06 1.71004E-05 2.26717E-05 3.05206E-05
   6443. 2.58632E-06 7.53822E-06 1.71686E-05 2.27658E-05 3.05557E-05
   6446. 2.59379E-06 7.55837E-06 1.72360E-05 2.28681E-05 3.05492E-05
   6448. 2.59821E-06 7.57084E-06 1.72949E-05 2.29703E-05 3.05054E-05
   6451. 2.60154E-06 7.57624E-06 1.73334E-05 2.30530E-05 3.04388E-05
   6454. 2.60459E-06 7.57459E-06 1.73451E-05 2.30999E-05 3.03520E-05
   6456. 2.60674E-06 7.56541E-06 1.73307E-05 2.30981E-05 3.02332E-05
   6459. 2.60761E-06 7.54922E-06 1.72924E-05 2.30416E-05 3.00729E-05
   6462. 2.60706E-06 7.52748E-06 1.72333E-05 2.29276E-05 2.98621E-05
   6465. 2.60563E-06 7.50235E-06 1.71559E-05 2.27578E-05 2.96069E-05
   6467. 2.60406E-06 7.47601E-06 1.70615E-05 2.25352E-05 2.93192E-05
   6470. 2.60200E-06 7.44820E-06 1.69510E-05 2.22810E-05 2.90170E-05
   6473. 2.59865E-06 7.41740E-06 1.68240E-05 2.20171E-05 2.87149E-05
   6475. 2.59309E-06 7.38089E-06 1.66807E-05 2.17477E-05 2.84091E-05
   6478. 2.58483E-06 7.33693E-06 1.65213E-05 2.14734E-05 2.80919E-05
   6481. 2.57535E-06 7.28879E-06 1.63522E-05 2.11990E-05 2.77561E-05
   6484. 2.56559E-06 7.23853E-06 1.61766E-05 2.09285E-05 2.74047E-05
   6486. 2.55540E-06 7.18590E-06 1.59939E-05 2.06651E-05 2.70605E-05
   6489. 2.54452E-06 7.13334E-06 1.58129E-05 2.04176E-05 2.67457E-05
   6492. 2.53258E-06 7.08702E-06 1.56562E-05 2.02016E-05 2.64828E-05
   6494. 2.51984E-06 7.04912E-06 1.55314E-05 2.00159E-05 2.62823E-05
   6497. 2.50719E-06 7.01959E-06 1.54373E-05 1.98483E-05 2.61496E-05
   6500. 2.49686E-06 7.00154E-06 1.53732E-05 1.96983E-05 2.60905E-05
   6502. 2.49176E-06 7.00033E-06 1.53419E-05 1.95757E-05 2.61163E-05
   6505. 2.49254E-06 7.01739E-06 1.53502E-05 1.95058E-05 2.62277E-05
   6508. 2.49985E-06 7.05469E-06 1.54080E-05 1.95211E-05 2.64298E-05
   6510. 2.51472E-06 7.11362E-06 1.55160E-05 1.96387E-05 2.67210E-05
   6513. 2.53758E-06 7.19453E-06 1.56753E-05 1.98663E-05 2.70951E-05
   6516. 2.56532E-06 7.29013E-06 1.58805E-05 2.01700E-05 2.75150E-05
   6519. 2.59580E-06 7.39512E-06 1.61263E-05 2.05222E-05 2.79539E-05
   6521. 2.62822E-06 7.50618E-06 1.64019E-05 2.09000E-05 2.83978E-05
   6524. 2.66189E-06 7.62069E-06 1.66971E-05 2.12924E-05 2.88482E-05
   6527. 2.69591E-06 7.73576E-06 1.70003E-05 2.16969E-05 2.93209E-05
   6529. 2.72916E-06 7.84727E-06 1.73001E-05 2.20987E-05 2.98146E-05
   6532. 2.76035E-06 7.94991E-06 1.75841E-05 2.24726E-05 3.03169E-05
   6535. 2.78968E-06 8.04202E-06 1.78431E-05 2.28019E-05 3.08078E-05
   6538. 2.81774E-06 8.12295E-06 1.80688E-05 2.30714E-05 3.12644E-05
   6540. 2.84419E-06 8.19429E-06 1.82645E-05 2.32826E-05 3.16780E-05
   6543. 2.86846E-06 8.25742E-06 1.84331E-05 2.34426E-05 3.20459E-05
   6546. 2.89064E-06 8.31440E-06 1.85767E-05 2.35833E-05 3.23893E-05
   6548. 2.91022E-06 8.36609E-06 1.86979E-05 2.37265E-05 3.27202E-05
   6551. 2.92556E-06 8.41211E-06 1.88082E-05 2.38673E-05 3.30286E-05
   6554. 2.93640E-06 8.45273E-06 1.89130E-05 2.39954E-05 3.33009E-05
   6556. 2.94500E-06 8.49001E-06 1.90106E-05 2.40958E-05 3.35228E-05
   6559. 2.95282E-06 8.52501E-06 1.91022E-05 2.41737E-05 3.36924E-05
   6562. 2.96055E-06 8.55769E-06 1.91914E-05 2.42542E-05 3.38185E-05
   6564. 2.96731E-06 8.58617E-06 1.92804E-05 2.43618E-05 3.39108E-05
   6567. 2.97128E-06 8.60739E-06 1.93697E-05 2.45180E-05 3.39780E-05
   6570. 2.97185E-06 8.62234E-06 1.94531E-05 2.46900E-05 3.40256E-05
   6573. 2.96921E-06 8.63403E-06 1.95234E-05 2.48310E-05 3.40563E-05
   6575. 2.96690E-06 8.65023E-06 1.95833E-05 2.49297E-05 3.40733E-05
   6578. 2.96842E-06 8.67800E-06 1.96400E-05 2.49920E-05 3.40802E-05
   6581. 2.97460E-06 8.71731E-06 1.97091E-05 2.50615E-05 3.40877E-05
   6583. 2.98577E-06 8.76707E-06 1.98005E-05 2.51725E-05 3.41107E-05
   6586. 3.00140E-06 8.82430E-06 1.99114E-05 2.53329E-05 3.41727E-05
   6589. 3.02138E-06 8.88813E-06 2.00409E-05 2.55405E-05 3.42877E-05
   6592. 3.04594E-06 8.96012E-06 2.01917E-05 2.57812E-05 3.44569E-05
   6594. 3.07460E-06 9.04078E-06 2.03664E-05 2.60480E-05 3.46753E-05
   6597. 3.10622E-06 9.12956E-06 2.05659E-05 2.63398E-05 3.49326E-05
   6600. 3.13937E-06 9.22120E-06 2.07741E-05 2.66448E-05 3.52060E-05
   6602. 3.17252E-06 9.30827E-06 2.09668E-05 2.69450E-05 3.54665E-05
   6605. 3.20540E-06 9.38960E-06 2.11400E-05 2.72230E-05 3.56980E-05
   6608. 3.23794E-06 9.46454E-06 2.12933E-05 2.74612E-05 3.58861E-05
   6610. 3.26933E-06 9.52797E-06 2.14195E-05 2.76531E-05 3.60183E-05
   6613. 3.29790E-06 9.57432E-06 2.15119E-05 2.77880E-05 3.60810E-05
   6616. 3.32021E-06 9.60231E-06 2.15745E-05 2.78487E-05 3.60707E-05
   6618. 3.33448E-06 9.61066E-06 2.16017E-05 2.78282E-05 3.59847E-05
   6621. 3.34268E-06 9.59926E-06 2.15698E-05 2.77477E-05 3.58293E-05
   6624. 3.34518E-06 9.56815E-06 2.14725E-05 2.76152E-05 3.56081E-05
   6627. 3.34040E-06 9.51819E-06 2.13251E-05 2.74241E-05 3.53244E-05
   6629. 3.32933E-06 9.45154E-06 2.11339E-05 2.71759E-05 3.49934E-05
   6632. 3.31461E-06 9.37107E-06 2.08985E-05 2.68766E-05 3.46386E-05
   6635. 3.29656E-06 9.28108E-06 2.06358E-05 2.65376E-05 3.42713E-05
   6637. 3.27447E-06 9.18672E-06 2.03701E-05 2.61728E-05 3.38984E-05
   6640. 3.25008E-06 9.09720E-06 2.01224E-05 2.58132E-05 3.35360E-05
   6643. 3.22546E-06 9.02087E-06 1.99094E-05 2.54890E-05 3.32019E-05
   6646. 3.20143E-06 8.95461E-06 1.97245E-05 2.52001E-05 3.29012E-05
   6648. 3.17853E-06 8.89624E-06 1.95655E-05 2.49473E-05 3.26409E-05
   6651. 3.15701E-06 8.84879E-06 1.94454E-05 2.47398E-05 3.24303E-05
   6654. 3.13776E-06 8.81471E-06 1.93698E-05 2.45854E-05 3.22825E-05
   6656. 3.12276E-06 8.79398E-06 1.93270E-05 2.44846E-05 3.22123E-05
   6659. 3.11373E-06 8.78861E-06 1.93145E-05 2.44421E-05 3.22316E-05
   6662. 3.11225E-06 8.80320E-06 1.93398E-05 2.44673E-05 3.23492E-05
   6664. 3.11902E-06 8.83970E-06 1.94037E-05 2.45539E-05 3.25604E-05
   6667. 3.13442E-06 8.89885E-06 1.95043E-05 2.46889E-05 3.28555E-05
   6670. 3.15630E-06 8.97455E-06 1.96335E-05 2.48679E-05 3.32205E-05
   6672. 3.18217E-06 9.06064E-06 1.97880E-05 2.50979E-05 3.36442E-05
   6675. 3.21127E-06 9.16056E-06 1.99905E-05 2.54008E-05 3.41096E-05
   6678. 3.24383E-06 9.27944E-06 2.02645E-05 2.58018E-05 3.46039E-05
   6681. 3.28076E-06 9.41370E-06 2.05927E-05 2.62959E-05 3.51206E-05
   6683. 3.32300E-06 9.56013E-06 2.09594E-05 2.68693E-05 3.56573E-05
   6686. 3.37056E-06 9.71649E-06 2.13562E-05 2.74801E-05 3.62132E-05
   6689. 3.42241E-06 9.87952E-06 2.17763E-05 2.80920E-05 3.67819E-05
   6691. 3.47555E-06 1.00428E-05 2.22096E-05 2.86719E-05 3.73454E-05
   6694. 3.52795E-06 1.01996E-05 2.26330E-05 2.92092E-05 3.78832E-05
   6697. 3.57814E-06 1.03419E-05 2.30089E-05 2.97094E-05 3.83684E-05
   6700. 3.62479E-06 1.04689E-05 2.33362E-05 3.01679E-05 3.87882E-05
   6702. 3.66640E-06 1.05833E-05 2.36307E-05 3.05686E-05 3.91353E-05
   6705. 3.70350E-06 1.06855E-05 2.38930E-05 3.08947E-05 3.94260E-05
   6708. 3.73705E-06 1.07751E-05 2.41186E-05 3.11288E-05 3.96812E-05
   6710. 3.76817E-06 1.08581E-05 2.43208E-05 3.12924E-05 3.99203E-05
   6713. 3.79766E-06 1.09396E-05 2.45109E-05 3.14130E-05 4.01562E-05
   6716. 3.82592E-06 1.10195E-05 2.46870E-05 3.15286E-05 4.03871E-05
   6718. 3.85273E-06 1.10963E-05 2.48457E-05 3.16608E-05 4.06050E-05
   6721. 3.87699E-06 1.11666E-05 2.49879E-05 3.17997E-05 4.07949E-05
   6724. 3.89813E-06 1.12278E-05 2.51135E-05 3.19390E-05 4.09520E-05
   6726. 3.91634E-06 1.12793E-05 2.52222E-05 3.20781E-05 4.10863E-05
   6729. 3.93114E-06 1.13213E-05 2.53146E-05 3.22041E-05 4.12090E-05
   6732. 3.94153E-06 1.13548E-05 2.53915E-05 3.22926E-05 4.13328E-05
   6735. 3.94920E-06 1.13838E-05 2.54539E-05 3.23483E-05 4.14697E-05
   6737. 3.95702E-06 1.14133E-05 2.55037E-05 3.23906E-05 4.16324E-05
   6740. 3.96590E-06 1.14460E-05 2.55520E-05 3.24380E-05 4.18240E-05
   6743. 3.97628E-06 1.14836E-05 2.56115E-05 3.25092E-05 4.20492E-05
   6745. 3.98924E-06 1.15268E-05 2.56848E-05 3.26182E-05 4.23210E-05
   6748. 4.00602E-06 1.15770E-05 2.57735E-05 3.27813E-05 4.26485E-05
   6751. 4.02719E-06 1.16352E-05 2.58794E-05 3.30133E-05 4.30107E-05
   6754. 4.05304E-06 1.17017E-05 2.60024E-05 3.33282E-05 4.33829E-05
   6756. 4.08277E-06 1.17732E-05 2.61369E-05 3.37295E-05 4.37325E-05
   6759. 4.11558E-06 1.18464E-05 2.62774E-05 3.41943E-05 4.40414E-05
   6762. 4.15052E-06 1.19182E-05 2.64183E-05 3.46633E-05 4.43063E-05
   6764. 4.18677E-06 1.19874E-05 2.65596E-05 3.50916E-05 4.45222E-05
   6767. 4.22365E-06 1.20540E-05 2.67054E-05 3.54419E-05 4.46799E-05
   6770. 4.26069E-06 1.21156E-05 2.68480E-05 3.57157E-05 4.47827E-05
   6772. 4.29706E-06 1.21682E-05 2.69740E-05 3.59243E-05 4.48356E-05
   6775. 4.32904E-06 1.22071E-05 2.70774E-05 3.60626E-05 4.48446E-05
   6778. 4.35281E-06 1.22280E-05 2.71519E-05 3.61196E-05 4.48115E-05
   6780. 4.36996E-06 1.22356E-05 2.71911E-05 3.61125E-05 4.47382E-05
   6783. 4.38172E-06 1.22336E-05 2.71895E-05 3.60517E-05 4.46213E-05
   6786. 4.38745E-06 1.22219E-05 2.71512E-05 3.59336E-05 4.44539E-05
   6789. 4.38686E-06 1.22001E-05 2.70757E-05 3.57624E-05 4.42448E-05
   6791. 4.38117E-06 1.21686E-05 2.69570E-05 3.55657E-05 4.40362E-05
   6794. 4.37181E-06 1.21305E-05 2.68067E-05 3.53706E-05 4.38586E-05
   6797. 4.36062E-06 1.20918E-05 2.66581E-05 3.52070E-05 4.37321E-05
   6799. 4.34875E-06 1.20537E-05 2.65258E-05 3.50821E-05 4.36440E-05
   6802. 4.33694E-06 1.20139E-05 2.64127E-05 3.49893E-05 4.35616E-05
   6805. 4.32552E-06 1.19730E-05 2.63105E-05 3.49117E-05 4.34738E-05
   6808. 4.31471E-06 1.19329E-05 2.62093E-05 3.48323E-05 4.33811E-05
   6810. 4.30446E-06 1.18965E-05 2.61144E-05 3.47533E-05 4.33034E-05
   6813. 4.29513E-06 1.18668E-05 2.60344E-05 3.46840E-05 4.32622E-05
   6816. 4.28847E-06 1.18449E-05 2.59702E-05 3.46375E-05 4.32617E-05
   6818. 4.28567E-06 1.18311E-05 2.59233E-05 3.46254E-05 4.33018E-05
   6821. 4.28568E-06 1.18243E-05 2.58950E-05 3.46518E-05 4.33721E-05
   6824. 4.28814E-06 1.18266E-05 2.58950E-05 3.47232E-05 4.34669E-05
   6826. 4.29383E-06 1.18452E-05 2.59437E-05 3.48484E-05 4.35859E-05
   6829. 4.30385E-06 1.18832E-05 2.60459E-05 3.50288E-05 4.37311E-05
   6832. 4.31968E-06 1.19399E-05 2.61919E-05 3.52587E-05 4.39061E-05
   6834. 4.34173E-06 1.20129E-05 2.63704E-05 3.55327E-05 4.41011E-05
   6837. 4.36993E-06 1.20993E-05 2.65697E-05 3.58484E-05 4.43008E-05
   6840. 4.40226E-06 1.21925E-05 2.67773E-05 3.62059E-05 4.45080E-05
   6843. 4.43699E-06 1.22874E-05 2.69846E-05 3.66115E-05 4.47369E-05
   6845. 4.47606E-06 1.23913E-05 2.72022E-05 3.70736E-05 4.50131E-05
   6848. 4.52222E-06 1.25128E-05 2.74432E-05 3.76060E-05 4.53620E-05
   6851. 4.57625E-06 1.26518E-05 2.77098E-05 3.82169E-05 4.57853E-05
   6853. 4.63883E-06 1.28083E-05 2.80052E-05 3.89075E-05 4.62880E-05
   6856. 4.70972E-06 1.29818E-05 2.83353E-05 3.96535E-05 4.68782E-05
   6859. 4.78847E-06 1.31709E-05 2.87069E-05 4.04432E-05 4.75684E-05
   6862. 4.87400E-06 1.33720E-05 2.91265E-05 4.12795E-05 4.83728E-05
   6864. 4.96401E-06 1.35783E-05 2.95890E-05 4.21475E-05 4.92669E-05
   6867. 5.05500E-06 1.37807E-05 3.00806E-05 4.30173E-05 5.01930E-05
   6870. 5.14436E-06 1.39773E-05 3.05979E-05 4.38821E-05 5.11147E-05
   6872. 5.22911E-06 1.41666E-05 3.11365E-05 4.47340E-05 5.19940E-05
   6875. 5.30380E-06 1.43260E-05 3.16320E-05 4.54830E-05 5.27380E-05
   6878. 5.36168E-06 1.44278E-05 3.20064E-05 4.60169E-05 5.32359E-05
   6880. 5.39997E-06 1.44746E-05 3.22465E-05 4.63192E-05 5.34657E-05
   6883. 5.41613E-06 1.44686E-05 3.23414E-05 4.63797E-05 5.34091E-05
   6886. 5.41115E-06 1.44077E-05 3.22834E-05 4.62099E-05 5.30767E-05
   6888. 5.38538E-06 1.42911E-05 3.20735E-05 4.58170E-05 5.24835E-05
   6891. 5.34020E-06 1.41283E-05 3.17494E-05 4.52289E-05 5.16874E-05
   6894. 5.27853E-06 1.39284E-05 3.13302E-05 4.44672E-05 5.07368E-05
   6897. 5.20593E-06 1.37016E-05 3.08171E-05 4.35534E-05 4.96781E-05
   6899. 5.12229E-06 1.34451E-05 3.02077E-05 4.24932E-05 4.85202E-05
   6902. 5.02324E-06 1.31458E-05 2.94920E-05 4.12779E-05 4.72437E-05
   6905. 4.91129E-06 1.28043E-05 2.86571E-05 3.99457E-05 4.58764E-05
   6907. 4.79119E-06 1.24271E-05 2.76896E-05 3.85441E-05 4.44589E-05
   6910. 4.66524E-06 1.20355E-05 2.66501E-05 3.70762E-05 4.30001E-05
   6913. 4.53509E-06 1.16514E-05 2.56069E-05 3.55412E-05 4.15049E-05
   6916. 4.40447E-06 1.12805E-05 2.45870E-05 3.40022E-05 4.00147E-05
   6918. 4.27661E-06 1.09272E-05 2.36190E-05 3.25267E-05 3.85676E-05
   6921. 4.15274E-06 1.05969E-05 2.27516E-05 3.11676E-05 3.71764E-05
   6924. 4.03408E-06 1.02900E-05 2.20006E-05 2.99512E-05 3.58523E-05
   6926. 3.92221E-06 9.99763E-06 2.13194E-05 2.88591E-05 3.46080E-05
   6929. 3.81790E-06 9.72009E-06 2.06883E-05 2.78706E-05 3.34470E-05
   6932. 3.72126E-06 9.46815E-06 2.01158E-05 2.69633E-05 3.23652E-05
   6934. 3.63114E-06 9.24072E-06 1.95921E-05 2.61136E-05 3.13574E-05
   6937. 3.54590E-06 9.03024E-06 1.90975E-05 2.53000E-05 3.04224E-05
   6940. 3.46571E-06 8.83717E-06 1.86320E-05 2.45263E-05 2.95728E-05
   6942. 3.39201E-06 8.66608E-06 1.82036E-05 2.38114E-05 2.88354E-05
   6945. 3.32672E-06 8.51611E-06 1.78030E-05 2.31787E-05 2.82340E-05
   6948. 3.27190E-06 8.38888E-06 1.74291E-05 2.26542E-05 2.77927E-05
   6951. 3.22668E-06 8.29237E-06 1.71177E-05 2.22386E-05 2.74887E-05
   6953. 3.19148E-06 8.23315E-06 1.68969E-05 2.19460E-05 2.73117E-05
   6956. 3.16881E-06 8.20635E-06 1.67537E-05 2.18079E-05 2.72672E-05
   6959. 3.15968E-06 8.21011E-06 1.66939E-05 2.18337E-05 2.73456E-05
   6961. 3.16188E-06 8.24539E-06 1.67490E-05 2.19869E-05 2.75012E-05
   6964. 3.17358E-06 8.30621E-06 1.69063E-05 2.22413E-05 2.77088E-05
   6967. 3.19320E-06 8.37920E-06 1.71090E-05 2.25774E-05 2.79594E-05
   6970. 3.21830E-06 8.45659E-06 1.73293E-05 2.29648E-05 2.82303E-05
   6972. 3.24588E-06 8.53365E-06 1.75558E-05 2.33659E-05 2.84905E-05
   6975. 3.27267E-06 8.60700E-06 1.77808E-05 2.37477E-05 2.87259E-05
   6978. 3.29587E-06 8.67465E-06 1.79981E-05 2.40808E-05 2.89294E-05
   6980. 3.31665E-06 8.74124E-06 1.82067E-05 2.43640E-05 2.91078E-05
   6983. 3.33619E-06 8.81021E-06 1.84055E-05 2.46025E-05 2.92687E-05
   6986. 3.35348E-06 8.87628E-06 1.85919E-05 2.48159E-05 2.94177E-05
   6988. 3.36826E-06 8.93614E-06 1.87639E-05 2.50197E-05 2.95635E-05
   6991. 3.38292E-06 8.99313E-06 1.89240E-05 2.52237E-05 2.97249E-05
   6994. 3.39958E-06 9.05368E-06 1.90844E-05 2.54354E-05 2.99148E-05
   6996. 3.42003E-06 9.12854E-06 1.92721E-05 2.56627E-05 3.01402E-05
   6999. 3.44474E-06 9.22055E-06 1.94946E-05 2.59159E-05 3.04137E-05
   7002. 3.47334E-06 9.32697E-06 1.97453E-05 2.62085E-05 3.07556E-05
   7005. 3.50635E-06 9.44879E-06 2.00270E-05 2.65348E-05 3.11681E-05
   7007. 3.54497E-06 9.58938E-06 2.03482E-05 2.68814E-05 3.16457E-05
   7010. 3.58900E-06 9.74520E-06 2.07010E-05 2.72480E-05 3.21630E-05
   7013. 3.63848E-06 9.91265E-06 2.10769E-05 2.76419E-05 3.26961E-05
   7015. 3.69436E-06 1.00926E-05 2.14770E-05 2.80741E-05 3.32472E-05
   7018. 3.75728E-06 1.02862E-05 2.19043E-05 2.85562E-05 3.38288E-05
   7021. 3.82453E-06 1.04887E-05 2.23529E-05 2.90860E-05 3.44593E-05
   7024. 3.89474E-06 1.06964E-05 2.28153E-05 2.96550E-05 3.51460E-05
   7026. 3.96869E-06 1.09066E-05 2.32777E-05 3.02369E-05 3.58682E-05
   7029. 4.04508E-06 1.11156E-05 2.37318E-05 3.08259E-05 3.66019E-05
   7032. 4.11965E-06 1.13171E-05 2.41744E-05 3.14382E-05 3.73162E-05
   7034. 4.19024E-06 1.15028E-05 2.45846E-05 3.20582E-05 3.79822E-05
   7037. 4.25600E-06 1.16619E-05 2.49272E-05 3.26450E-05 3.85670E-05
   7040. 4.31645E-06 1.17939E-05 2.52053E-05 3.31723E-05 3.90442E-05
   7042. 4.37071E-06 1.19003E-05 2.54324E-05 3.36157E-05 3.93822E-05
   7045. 4.41758E-06 1.19772E-05 2.55977E-05 3.39640E-05 3.95722E-05
   7048. 4.45449E-06 1.20173E-05 2.56838E-05 3.42036E-05 3.96011E-05
   7050. 4.47726E-06 1.20193E-05 2.57058E-05 3.43389E-05 3.94743E-05
   7053. 4.48309E-06 1.19810E-05 2.56644E-05 3.43578E-05 3.91945E-05
   7056. 4.47658E-06 1.19037E-05 2.55244E-05 3.42239E-05 3.87882E-05
   7059. 4.45920E-06 1.17884E-05 2.52697E-05 3.39046E-05 3.82618E-05
   7061. 4.42766E-06 1.16386E-05 2.49299E-05 3.33911E-05 3.76024E-05
   7064. 4.38093E-06 1.14549E-05 2.45095E-05 3.26974E-05 3.68144E-05
   7067. 4.32073E-06 1.12354E-05 2.39870E-05 3.18647E-05 3.59249E-05
   7069. 4.24688E-06 1.09830E-05 2.33735E-05 3.09152E-05 3.49517E-05
   7072. 4.15786E-06 1.07035E-05 2.26973E-05 2.98587E-05 3.39068E-05
   7075. 4.05926E-06 1.04073E-05 2.19700E-05 2.87502E-05 3.28384E-05
   7078. 3.95843E-06 1.01062E-05 2.11994E-05 2.76554E-05 3.18023E-05
   7080. 3.85800E-06 9.81445E-06 2.04384E-05 2.65995E-05 3.08089E-05
   7083. 3.75932E-06 9.54386E-06 1.97385E-05 2.56048E-05 2.98652E-05
   7086. 3.66402E-06 9.29190E-06 1.90959E-05 2.47093E-05 2.89963E-05
   7088. 3.57450E-06 9.06018E-06 1.85155E-05 2.39417E-05 2.82220E-05
   7091. 3.49422E-06 8.86083E-06 1.80300E-05 2.32854E-05 2.75277E-05
   7094. 3.42465E-06 8.69700E-06 1.76482E-05 2.27195E-05 2.68999E-05
   7096. 3.36372E-06 8.55528E-06 1.73338E-05 2.22115E-05 2.63225E-05
   7099. 3.31123E-06 8.43210E-06 1.70723E-05 2.17553E-05 2.58040E-05
   7102. 3.26882E-06 8.33320E-06 1.68695E-05 2.13693E-05 2.53773E-05
   7104. 3.23498E-06 8.25522E-06 1.67114E-05 2.10513E-05 2.50513E-05
   7107. 3.20685E-06 8.19111E-06 1.65756E-05 2.07920E-05 2.48260E-05
   7110. 3.18329E-06 8.14196E-06 1.64579E-05 2.05875E-05 2.46867E-05
   7113. 3.16443E-06 8.11239E-06 1.63625E-05 2.04421E-05 2.46222E-05
   7115. 3.15141E-06 8.10088E-06 1.62877E-05 2.03617E-05 2.46309E-05
   7118. 3.14563E-06 8.10801E-06 1.62419E-05 2.03540E-05 2.47183E-05
   7121. 3.14696E-06 8.14006E-06 1.62640E-05 2.04092E-05 2.48805E-05
   7123. 3.15590E-06 8.20076E-06 1.63782E-05 2.05378E-05 2.51185E-05
   7126. 3.17360E-06 8.28321E-06 1.65626E-05 2.07864E-05 2.54324E-05
   7129. 3.20037E-06 8.38368E-06 1.68075E-05 2.11703E-05 2.58055E-05
   7132. 3.23487E-06 8.50180E-06 1.71177E-05 2.16548E-05 2.61922E-05
   7134. 3.27487E-06 8.63191E-06 1.74729E-05 2.21900E-05 2.65676E-05
   7137. 3.31736E-06 8.76366E-06 1.78302E-05 2.27104E-05 2.69215E-05
   7140. 3.36105E-06 8.89466E-06 1.81750E-05 2.31908E-05 2.72572E-05
   7142. 3.40539E-06 9.02579E-06 1.85056E-05 2.36259E-05 2.75830E-05
   7145. 3.44870E-06 9.15260E-06 1.88150E-05 2.40360E-05 2.78990E-05
   7148. 3.48977E-06 9.27060E-06 1.90950E-05 2.44406E-05 2.82022E-05
   7150. 3.53215E-06 9.38676E-06 1.93505E-05 2.48273E-05 2.84947E-05
   7153. 3.57898E-06 9.50794E-06 1.95914E-05 2.51833E-05 2.87806E-05
   7156. 3.62913E-06 9.63443E-06 1.98397E-05 2.55190E-05 2.90697E-05
   7158. 3.68164E-06 9.76564E-06 2.01080E-05 2.58491E-05 2.93815E-05
   7161. 3.73621E-06 9.90016E-06 2.03893E-05 2.61949E-05 2.97529E-05
   7164. 3.79246E-06 1.00391E-05 2.06798E-05 2.65598E-05 3.01912E-05
   7167. 3.84977E-06 1.01866E-05 2.09801E-05 2.69273E-05 3.06679E-05
   7169. 3.90819E-06 1.03420E-05 2.12852E-05 2.72935E-05 3.11710E-05
   7172. 3.96833E-06 1.05013E-05 2.15882E-05 2.76643E-05 3.17041E-05
   7175. 4.03006E-06 1.06645E-05 2.19031E-05 2.80425E-05 3.22811E-05
   7177. 4.09287E-06 1.08327E-05 2.22509E-05 2.84293E-05 3.29216E-05
   7180. 4.15528E-06 1.10001E-05 2.26155E-05 2.88227E-05 3.36134E-05
   7183. 4.21554E-06 1.11596E-05 2.29729E-05 2.92218E-05 3.43373E-05
   7186. 4.27240E-06 1.13101E-05 2.33104E-05 2.96352E-05 3.50674E-05
   7188. 4.32446E-06 1.14511E-05 2.36205E-05 3.00694E-05 3.57778E-05
   7191. 4.37044E-06 1.15828E-05 2.39090E-05 3.05193E-05 3.64428E-05
   7194. 4.40987E-06 1.17052E-05 2.41774E-05 3.09660E-05 3.70451E-05
   7196. 4.44414E-06 1.18182E-05 2.44207E-05 3.13671E-05 3.75818E-05
   7199. 4.47634E-06 1.19253E-05 2.46468E-05 3.17332E-05 3.80571E-05
   7202. 4.51156E-06 1.20340E-05 2.48796E-05 3.21304E-05 3.84809E-05
   7204. 4.55144E-06 1.21498E-05 2.51427E-05 3.25596E-05 3.88448E-05
   7207. 4.59532E-06 1.22758E-05 2.54566E-05 3.29787E-05 3.91238E-05
   7210. 4.63955E-06 1.23969E-05 2.57797E-05 3.33556E-05 3.93023E-05
   7212. 4.68010E-06 1.24924E-05 2.60475E-05 3.36639E-05 3.93665E-05
   7215. 4.71889E-06 1.25624E-05 2.62346E-05 3.39092E-05 3.93429E-05
   7218. 4.75673E-06 1.26075E-05 2.63248E-05 3.40861E-05 3.92503E-05
   7221. 4.78513E-06 1.26205E-05 2.63253E-05 3.41405E-05 3.90709E-05
   7223. 4.79841E-06 1.25956E-05 2.62344E-05 3.40290E-05 3.87967E-05
   7226. 4.80199E-06 1.25402E-05 2.60414E-05 3.37710E-05 3.84729E-05
   7229. 4.79720E-06 1.24580E-05 2.57579E-05 3.33913E-05 3.81187E-05
   7231. 4.77888E-06 1.23491E-05 2.54388E-05 3.29281E-05 3.77157E-05
   7234. 4.74742E-06 1.22174E-05 2.51029E-05 3.24124E-05 3.72665E-05
   7237. 4.70861E-06 1.20714E-05 2.47379E-05 3.18711E-05 3.67948E-05
   7240. 4.66476E-06 1.19178E-05 2.43492E-05 3.13042E-05 3.63059E-05
   7242. 4.61593E-06 1.17614E-05 2.39518E-05 3.06969E-05 3.57938E-05
   7245. 4.56210E-06 1.16002E-05 2.35463E-05 3.00627E-05 3.52583E-05
   7248. 4.50363E-06 1.14318E-05 2.31330E-05 2.94274E-05 3.47049E-05
   7250. 4.44532E-06 1.12712E-05 2.27457E-05 2.88300E-05 3.41662E-05
   7253. 4.39147E-06 1.11320E-05 2.24140E-05 2.83038E-05 3.36740E-05
   7256. 4.34179E-06 1.10079E-05 2.21222E-05 2.78440E-05 3.32346E-05
   7258. 4.29635E-06 1.08958E-05 2.18601E-05 2.74418E-05 3.28497E-05
   7261. 4.25664E-06 1.08009E-05 2.16337E-05 2.70794E-05 3.25118E-05
   7264. 4.22221E-06 1.07229E-05 2.14441E-05 2.67454E-05 3.22103E-05
   7266. 4.18945E-06 1.06522E-05 2.12822E-05 2.64333E-05 3.19279E-05
   7269. 4.15801E-06 1.05879E-05 2.11481E-05 2.61537E-05 3.16705E-05
   7272. 4.13028E-06 1.05362E-05 2.10498E-05 2.59321E-05 3.14651E-05
   7275. 4.10772E-06 1.04984E-05 2.09784E-05 2.57726E-05 3.13336E-05
   7277. 4.09149E-06 1.04751E-05 2.09209E-05 2.56733E-05 3.12979E-05
   7280. 4.08080E-06 1.04720E-05 2.08950E-05 2.56370E-05 3.13450E-05
   7283. 4.07521E-06 1.04963E-05 2.09262E-05 2.56758E-05 3.14604E-05
   7285. 4.07643E-06 1.05432E-05 2.10080E-05 2.58049E-05 3.16413E-05
   7288. 4.08649E-06 1.06081E-05 2.11352E-05 2.60343E-05 3.18906E-05
   7291. 4.10497E-06 1.06883E-05 2.13105E-05 2.63314E-05 3.21996E-05
   7294. 4.13154E-06 1.07817E-05 2.15329E-05 2.66732E-05 3.25573E-05
   7296. 4.16524E-06 1.08851E-05 2.17847E-05 2.70513E-05 3.29395E-05
   7299. 4.20417E-06 1.09952E-05 2.20558E-05 2.74560E-05 3.33205E-05
   7302. 4.24489E-06 1.11079E-05 2.23426E-05 2.78726E-05 3.36690E-05
   7304. 4.28622E-06 1.12202E-05 2.26328E-05 2.82893E-05 3.39726E-05
   7307. 4.32860E-06 1.13296E-05 2.29061E-05 2.86945E-05 3.42314E-05
   7310. 4.37162E-06 1.14330E-05 2.31502E-05 2.90734E-05 3.44572E-05
   7312. 4.41410E-06 1.15269E-05 2.33560E-05 2.94093E-05 3.46632E-05
   7315. 4.45260E-06 1.16088E-05 2.35321E-05 2.97042E-05 3.48419E-05
   7318. 4.48355E-06 1.16767E-05 2.36876E-05 2.99619E-05 3.49824E-05
   7320. 4.50784E-06 1.17340E-05 2.38236E-05 3.01873E-05 3.50954E-05
   7323. 4.52670E-06 1.17847E-05 2.39435E-05 3.03826E-05 3.51976E-05
   7326. 4.54199E-06 1.18352E-05 2.40647E-05 3.05515E-05 3.53162E-05
   7329. 4.55605E-06 1.18911E-05 2.41997E-05 3.07059E-05 3.54755E-05
   7331. 4.57262E-06 1.19579E-05 2.43515E-05 3.08751E-05 3.56938E-05
   7334. 4.59316E-06 1.20381E-05 2.45258E-05 3.10767E-05 3.59747E-05
   7337. 4.61685E-06 1.21308E-05 2.47324E-05 3.13183E-05 3.63061E-05
   7339. 4.64275E-06 1.22333E-05 2.49744E-05 3.16053E-05 3.66758E-05
   7342. 4.67006E-06 1.23421E-05 2.52514E-05 3.19437E-05 3.70727E-05
   7345. 4.69940E-06 1.24554E-05 2.55539E-05 3.23244E-05 3.74825E-05
   7348. 4.73219E-06 1.25725E-05 2.58698E-05 3.27339E-05 3.78903E-05
   7350. 4.76922E-06 1.26931E-05 2.61862E-05 3.31483E-05 3.82822E-05
   7353. 4.81094E-06 1.28182E-05 2.64951E-05 3.35491E-05 3.86508E-05
   7356. 4.85574E-06 1.29501E-05 2.68059E-05 3.39437E-05 3.90161E-05
   7358. 4.90236E-06 1.30903E-05 2.71264E-05 3.43419E-05 3.93967E-05
   7361. 4.95051E-06 1.32370E-05 2.74561E-05 3.47515E-05 3.98010E-05
   7364. 5.00058E-06 1.33901E-05 2.77950E-05 3.51703E-05 4.02266E-05
   7366. 5.05369E-06 1.35524E-05 2.81447E-05 3.55807E-05 4.06565E-05
   7369. 5.10957E-06 1.37200E-05 2.84966E-05 3.59704E-05 4.10812E-05
   7372. 5.16656E-06 1.38819E-05 2.88314E-05 3.63305E-05 4.14979E-05
   7374. 5.22429E-06 1.40340E-05 2.91373E-05 3.66657E-05 4.19118E-05
   7377. 5.28306E-06 1.41755E-05 2.94061E-05 3.69866E-05 4.23327E-05
   7380. 5.34193E-06 1.43091E-05 2.96455E-05 3.72967E-05 4.27656E-05
   7383. 5.39959E-06 1.44390E-05 2.98691E-05 3.75981E-05 4.32131E-05
   7385. 5.45526E-06 1.45710E-05 3.00998E-05 3.79024E-05 4.36638E-05
   7388. 5.50864E-06 1.47073E-05 3.03520E-05 3.82268E-05 4.41043E-05
   7391. 5.56075E-06 1.48375E-05 3.06021E-05 3.85954E-05 4.45224E-05
   7393. 5.61215E-06 1.49538E-05 3.08339E-05 3.90050E-05 4.48968E-05
   7396. 5.66232E-06 1.50580E-05 3.10555E-05 3.93887E-05 4.51893E-05
   7399. 5.70861E-06 1.51461E-05 3.12642E-05 3.97034E-05 4.53736E-05
