# lam, tauV, MW+dusty, MW+shell, MW+cloudy, SMC+dusty, SMC+shell, SMC+cloudy
# each column is the attenuation opacity.  "homogeneous" is assumed for all
# see Witt & Gordon 2000
  1000.0   0.25  0.5890  1.0020  0.2760  0.8870  1.6770  0.3720
  1142.0   0.25  0.4020  0.6550  0.2020  0.6710  1.1880  0.3040
  1285.0   0.25  0.2950  0.4680  0.1530  0.5430  0.9270  0.2580
  1428.0   0.25  0.2380  0.3740  0.1260  0.4550  0.7570  0.2220
  1571.0   0.25  0.2150  0.3360  0.1150  0.3930  0.6460  0.1970
  1714.0   0.25  0.2120  0.3300  0.1130  0.3450  0.5600  0.1760
  1857.0   0.25  0.2300  0.3610  0.1230  0.3130  0.5030  0.1620
  2000.0   0.25  0.2890  0.4570  0.1500  0.2870  0.4590  0.1490
  2142.0   0.25  0.3530  0.5680  0.1800  0.2670  0.4240  0.1400
  2285.0   0.25  0.3150  0.5030  0.1630  0.2490  0.3920  0.1310
  2428.0   0.25  0.2510  0.3940  0.1320  0.2320  0.3650  0.1230
  2571.0   0.25  0.2110  0.3290  0.1130  0.2180  0.3420  0.1160
  2714.0   0.25  0.1900  0.2940  0.1020  0.2060  0.3210  0.1120
  2857.0   0.25  0.1750  0.2700  0.0950  0.1900  0.2950  0.1020
  3000.0   0.25  0.1650  0.2540  0.0900  0.1810  0.2800  0.0980
  3776.0   0.25  0.1410  0.2160  0.0780  0.1490  0.2280  0.0820
  4754.0   0.25  0.1110  0.1680  0.0610  0.1150  0.1740  0.0630
  5985.0   0.25  0.0860  0.1290  0.0480  0.0840  0.1260  0.0470
  7535.0   0.25  0.0650  0.0960  0.0360  0.0610  0.0900  0.0340
  9487.0   0.25  0.0410  0.0610  0.0230  0.0410  0.0610  0.0230
 11943.0   0.25  0.0300  0.0440  0.0170  0.0270  0.0390  0.0150
 15036.0   0.25  0.0210  0.0320  0.0120  0.0170  0.0250  0.0090
 18929.0   0.25  0.0150  0.0220  0.0090  0.0120  0.0180  0.0070
 23830.0   0.25  0.0110  0.0160  0.0060  0.0080  0.0100  0.0050
 30001.0   0.25  0.0080  0.0100  0.0040  0.0030  0.0080  0.0020
  1000.0   0.50  1.0330  2.0350  0.4130  1.4490  3.4400  0.4980
  1142.0   0.50  0.7410  1.3350  0.3270  1.1550  2.4530  0.4400
  1285.0   0.50  0.5590  0.9600  0.2640  0.9670  1.9180  0.3940
  1428.0   0.50  0.4590  0.7690  0.2230  0.8280  1.5680  0.3520
  1571.0   0.50  0.4170  0.6920  0.2060  0.7280  1.3390  0.3220
  1714.0   0.50  0.4110  0.6810  0.2040  0.6490  1.1630  0.2940
  1857.0   0.50  0.4450  0.7430  0.2180  0.5920  1.0420  0.2740
  2000.0   0.50  0.5480  0.9380  0.2590  0.5480  0.9510  0.2590
  2142.0   0.50  0.6590  1.1600  0.3010  0.5130  0.8780  0.2450
  2285.0   0.50  0.5950  1.0280  0.2780  0.4780  0.8110  0.2310
  2428.0   0.50  0.4810  0.8080  0.2330  0.4490  0.7540  0.2190
  2571.0   0.50  0.4090  0.6750  0.2030  0.4230  0.7040  0.2090
  2714.0   0.50  0.3690  0.6030  0.1860  0.4000  0.6610  0.1990
  2857.0   0.50  0.3410  0.5540  0.1740  0.3700  0.6070  0.1860
  3000.0   0.50  0.3230  0.5210  0.1650  0.3520  0.5750  0.1780
  3776.0   0.50  0.2770  0.4430  0.1450  0.2920  0.4680  0.1510
  4754.0   0.50  0.2190  0.3430  0.1160  0.2260  0.3550  0.1200
  5985.0   0.50  0.1710  0.2630  0.0920  0.1660  0.2560  0.0900
  7535.0   0.50  0.1280  0.1960  0.0710  0.1200  0.1840  0.0670
  9487.0   0.50  0.0820  0.1230  0.0460  0.0810  0.1220  0.0450
 11943.0   0.50  0.0600  0.0890  0.0340  0.0540  0.0790  0.0300
 15036.0   0.50  0.0430  0.0640  0.0240  0.0330  0.0490  0.0190
 18929.0   0.50  0.0300  0.0440  0.0170  0.0230  0.0340  0.0130
 23830.0   0.50  0.0220  0.0320  0.0120  0.0160  0.0240  0.0090
 30001.0   0.50  0.0150  0.0220  0.0090  0.0070  0.0090  0.0040
  1000.0   0.75  1.3660  3.0820  0.4850  1.8300  5.2190  0.5520
  1142.0   0.75  1.0210  2.0370  0.4090  1.5070  3.7520  0.5070
  1285.0   0.75  0.7900  1.4690  0.3420  1.2940  2.9430  0.4660
  1428.0   0.75  0.6580  1.1790  0.2980  1.1290  2.4140  0.4310
  1571.0   0.75  0.6020  1.0620  0.2770  1.0060  2.0620  0.4000
  1714.0   0.75  0.5940  1.0440  0.2740  0.9070  1.7970  0.3750
  1857.0   0.75  0.6390  1.1380  0.2910  0.8350  1.6090  0.3530
  2000.0   0.75  0.7740  1.4320  0.3380  0.7780  1.4690  0.3350
  2142.0   0.75  0.9180  1.7700  0.3800  0.7300  1.3530  0.3210
  2285.0   0.75  0.8350  1.5700  0.3560  0.6840  1.2480  0.3070
  2428.0   0.75  0.6860  1.2320  0.3080  0.6450  1.1590  0.2930
  2571.0   0.75  0.5910  1.0320  0.2750  0.6090  1.0810  0.2800
  2714.0   0.75  0.5360  0.9230  0.2540  0.5790  1.0150  0.2690
  2857.0   0.75  0.4970  0.8480  0.2390  0.5380  0.9330  0.2550
  3000.0   0.75  0.4710  0.7990  0.2280  0.5140  0.8830  0.2450
  3776.0   0.75  0.4080  0.6790  0.2020  0.4280  0.7180  0.2110
  4754.0   0.75  0.3230  0.5250  0.1650  0.3330  0.5430  0.1700
  5985.0   0.75  0.2530  0.4020  0.1330  0.2460  0.3900  0.1300
  7535.0   0.75  0.1910  0.2970  0.1030  0.1800  0.2790  0.0970
  9487.0   0.75  0.1230  0.1870  0.0680  0.1210  0.1850  0.0670
 11943.0   0.75  0.0900  0.1350  0.0500  0.0800  0.1200  0.0450
 15036.0   0.75  0.0640  0.0950  0.0360  0.0500  0.0740  0.0280
 18929.0   0.75  0.0450  0.0670  0.0250  0.0350  0.0510  0.0200
 23830.0   0.75  0.0320  0.0480  0.0180  0.0250  0.0370  0.0140
 30001.0   0.75  0.0230  0.0340  0.0130  0.0110  0.0160  0.0060
  1000.0   1.00  1.6240  4.1460  0.5300  2.1070  7.0700  0.5810
  1142.0   1.00  1.2540  2.7500  0.4620  1.7800  5.0830  0.5440
  1285.0   1.00  0.9910  1.9920  0.3990  1.5510  3.9870  0.5120
  1428.0   1.00  0.8370  1.6000  0.3550  1.3730  3.2750  0.4810
  1571.0   1.00  0.7700  1.4440  0.3330  1.2380  2.8090  0.4550
  1714.0   1.00  0.7590  1.4180  0.3310  1.1290  2.4460  0.4290
  1857.0   1.00  0.8150  1.5480  0.3480  1.0460  2.1980  0.4100
  2000.0   1.00  0.9760  1.9420  0.3950  0.9770  2.0000  0.3920
  2142.0   1.00  1.1370  2.3860  0.4350  0.9220  1.8460  0.3780
  2285.0   1.00  1.0440  2.1230  0.4130  0.8700  1.7030  0.3640
  2428.0   1.00  0.8700  1.6720  0.3650  0.8230  1.5780  0.3500
  2571.0   1.00  0.7550  1.4010  0.3300  0.7790  1.4740  0.3370
  2714.0   1.00  0.6890  1.2520  0.3080  0.7400  1.3810  0.3250
  2857.0   1.00  0.6410  1.1510  0.2920  0.6910  1.2680  0.3080
  3000.0   1.00  0.6090  1.0850  0.2800  0.6610  1.2020  0.2990
  3776.0   1.00  0.5310  0.9210  0.2520  0.5580  0.9750  0.2610
  4754.0   1.00  0.4230  0.7110  0.2080  0.4370  0.7360  0.2140
  5985.0   1.00  0.3330  0.5440  0.1700  0.3240  0.5280  0.1660
  7535.0   1.00  0.2530  0.4020  0.1330  0.2380  0.3760  0.1260
  9487.0   1.00  0.1630  0.2520  0.0890  0.1610  0.2490  0.0880
 11943.0   1.00  0.1190  0.1810  0.0660  0.1060  0.1610  0.0590
 15036.0   1.00  0.0850  0.1280  0.0470  0.0660  0.0990  0.0370
 18929.0   1.00  0.0600  0.0890  0.0340  0.0470  0.0690  0.0260
 23830.0   1.00  0.0430  0.0640  0.0240  0.0330  0.0490  0.0190
 30001.0   1.00  0.0310  0.0460  0.0180  0.0150  0.0210  0.0080
  1000.0   1.50  2.0150  6.2710  0.5770  2.5040 10.6720  0.6170
  1142.0   1.50  1.6170  4.1940  0.5240  2.1730  7.8020  0.5870
  1285.0   1.50  1.3210  3.0600  0.4720  1.9350  6.0980  0.5610
  1428.0   1.50  1.1400  2.4730  0.4330  1.7430  5.0410  0.5380
  1571.0   1.50  1.0590  2.2340  0.4140  1.6010  4.3230  0.5190
  1714.0   1.50  1.0480  2.2000  0.4100  1.4800  3.7720  0.4970
  1857.0   1.50  1.1130  2.3900  0.4270  1.3850  3.3990  0.4810
  2000.0   1.50  1.3020  2.9760  0.4700  1.3090  3.0960  0.4650
  2142.0   1.50  1.4860  3.6540  0.5040  1.2420  2.8620  0.4540
  2285.0   1.50  1.3830  3.2480  0.4840  1.1790  2.6380  0.4400
  2428.0   1.50  1.1780  2.5730  0.4420  1.1230  2.4450  0.4270
  2571.0   1.50  1.0390  2.1600  0.4090  1.0700  2.2820  0.4150
  2714.0   1.50  0.9570  1.9340  0.3870  1.0240  2.1380  0.4040
  2857.0   1.50  0.8990  1.7800  0.3720  0.9630  1.9660  0.3880
  3000.0   1.50  0.8590  1.6790  0.3600  0.9250  1.8630  0.3790
  3776.0   1.50  0.7560  1.4260  0.3290  0.7900  1.5100  0.3400
  4754.0   1.50  0.6120  1.0970  0.2800  0.6300  1.1350  0.2890
  5985.0   1.50  0.4880  0.8370  0.2340  0.4750  0.8120  0.2290
  7535.0   1.50  0.3730  0.6170  0.1870  0.3510  0.5770  0.1770
  9487.0   1.50  0.2420  0.3850  0.1270  0.2400  0.3810  0.1260
 11943.0   1.50  0.1770  0.2750  0.0960  0.1590  0.2440  0.0860
 15036.0   1.50  0.1270  0.1930  0.0700  0.0990  0.1500  0.0550
 18929.0   1.50  0.0900  0.1350  0.0500  0.0700  0.1040  0.0390
 23830.0   1.50  0.0650  0.0960  0.0360  0.0490  0.0730  0.0280
 30001.0   1.50  0.0470  0.0690  0.0260  0.0220  0.0330  0.0130
  1000.0   2.00  2.2940  8.3870  0.5990  2.7870 14.8950  0.6320
  1142.0   2.00  1.8890  5.6530  0.5590  2.4530 10.4880  0.6090
  1285.0   2.00  1.5820  4.1460  0.5150  2.2160  8.3290  0.5880
  1428.0   2.00  1.3860  3.3700  0.4850  2.0240  6.8450  0.5680
  1571.0   2.00  1.2980  3.0430  0.4650  1.8730  5.8870  0.5550
  1714.0   2.00  1.2860  3.0000  0.4620  1.7430  5.1590  0.5350
  1857.0   2.00  1.3580  3.2520  0.4750  1.6480  4.6350  0.5200
  2000.0   2.00  1.5630  4.0280  0.5140  1.5670  4.2310  0.5100
  2142.0   2.00  1.7590  4.9260  0.5420  1.5010  3.8990  0.5000
  2285.0   2.00  1.6490  4.3800  0.5290  1.4340  3.5930  0.4890
  2428.0   2.00  1.4290  3.4900  0.4940  1.3690  3.3450  0.4780
  2571.0   2.00  1.2780  2.9380  0.4610  1.3120  3.1140  0.4680
  2714.0   2.00  1.1850  2.6350  0.4400  1.2570  2.9170  0.4560
  2857.0   2.00  1.1190  2.4300  0.4250  1.1890  2.6870  0.4420
  3000.0   2.00  1.0730  2.2880  0.4140  1.1480  2.5460  0.4310
  3776.0   2.00  0.9530  1.9460  0.3850  0.9930  2.0600  0.3950
  4754.0   2.00  0.7840  1.4990  0.3370  0.8050  1.5490  0.3430
  5985.0   2.00  0.6310  1.1400  0.2870  0.6150  1.1050  0.2820
  7535.0   2.00  0.4870  0.8390  0.2340  0.4600  0.7860  0.2230
  9487.0   2.00  0.3200  0.5220  0.1630  0.3170  0.5160  0.1620
 11943.0   2.00  0.2350  0.3710  0.1240  0.2090  0.3290  0.1130
 15036.0   2.00  0.1680  0.2600  0.0910  0.1320  0.2010  0.0720
 18929.0   2.00  0.1190  0.1810  0.0660  0.0930  0.1400  0.0520
 23830.0   2.00  0.0860  0.1290  0.0480  0.0650  0.0970  0.0370
 30001.0   2.00  0.0620  0.0920  0.0350  0.0300  0.0430  0.0170
  1000.0   2.50  2.5170 10.6530  0.6190  3.0220 18.9620  0.6430
  1142.0   2.50  2.1070  7.1390  0.5810  2.6780 13.0450  0.6270
  1285.0   2.50  1.7930  5.2550  0.5460  2.4410 10.3500  0.6080
  1428.0   2.50  1.5920  4.2760  0.5140  2.2500  8.7030  0.5900
  1571.0   2.50  1.4950  3.8780  0.5000  2.0920  7.5170  0.5740
  1714.0   2.50  1.4840  3.8080  0.4970  1.9640  6.5390  0.5600
  1857.0   2.50  1.5600  4.1260  0.5100  1.8550  5.8850  0.5480
  2000.0   2.50  1.7740  5.1060  0.5410  1.7750  5.3800  0.5390
  2142.0   2.50  1.9700  6.2210  0.5650  1.7030  4.9730  0.5280
  2285.0   2.50  1.8610  5.5350  0.5530  1.6380  4.5760  0.5190
  2428.0   2.50  1.6340  4.4030  0.5250  1.5720  4.2510  0.5100
  2571.0   2.50  1.4770  3.7280  0.4980  1.5120  3.9480  0.5030
  2714.0   2.50  1.3800  3.3480  0.4810  1.4590  3.7040  0.4920
  2857.0   2.50  1.3070  3.0920  0.4670  1.3840  3.4190  0.4810
  3000.0   2.50  1.2540  2.9220  0.4550  1.3390  3.2450  0.4720
  3776.0   2.50  1.1280  2.4800  0.4270  1.1690  2.6280  0.4370
  4754.0   2.50  0.9370  1.9120  0.3800  0.9610  1.9760  0.3860
  5985.0   2.50  0.7640  1.4540  0.3310  0.7440  1.4080  0.3260
  7535.0   2.50  0.5950  1.0660  0.2750  0.5630  0.9980  0.2630
  9487.0   2.50  0.3940  0.6630  0.1960  0.3910  0.6550  0.1940
 11943.0   2.50  0.2910  0.4700  0.1500  0.2610  0.4160  0.1360
 15036.0   2.50  0.2090  0.3280  0.1120  0.1640  0.2540  0.0890
 18929.0   2.50  0.1480  0.2280  0.0810  0.1160  0.1760  0.0640
 23830.0   2.50  0.1070  0.1620  0.0590  0.0820  0.1220  0.0460
 30001.0   2.50  0.0770  0.1160  0.0430  0.0370  0.0540  0.0210
  1000.0   3.00  2.7000 12.4790  0.6310  3.1910 23.5570  0.6530
  1142.0   3.00  2.2860  8.6480  0.5960  2.8530 16.3490  0.6360
  1285.0   3.00  1.9700  6.3620  0.5620  2.6130 12.3610  0.6200
  1428.0   3.00  1.7620  5.2040  0.5380  2.4180 10.4790  0.6050
  1571.0   3.00  1.6620  4.7150  0.5240  2.2700  9.0670  0.5880
  1714.0   3.00  1.6530  4.6290  0.5210  2.1360  7.9600  0.5770
  1857.0   3.00  1.7270  5.0090  0.5340  2.0400  7.1370  0.5670
  2000.0   3.00  1.9470  6.2120  0.5630  1.9530  6.5130  0.5610
  2142.0   3.00  2.1510  7.5370  0.5850  1.8780  6.0450  0.5520
  2285.0   3.00  2.0340  6.6760  0.5740  1.8060  5.5640  0.5410
  2428.0   3.00  1.8060  5.3600  0.5450  1.7430  5.1670  0.5330
  2571.0   3.00  1.6440  4.5310  0.5230  1.6790  4.8200  0.5240
  2714.0   3.00  1.5450  4.0660  0.5080  1.6230  4.5140  0.5170
  2857.0   3.00  1.4710  3.7590  0.4950  1.5520  4.1570  0.5080
  3000.0   3.00  1.4180  3.5400  0.4870  1.5060  3.9470  0.5000
  3776.0   3.00  1.2800  3.0290  0.4590  1.3270  3.2040  0.4690
  4754.0   3.00  1.0770  2.3330  0.4150  1.1030  2.4010  0.4200
  5985.0   3.00  0.8870  1.7730  0.3660  0.8660  1.7150  0.3610
  7535.0   3.00  0.6980  1.3000  0.3110  0.6610  1.2160  0.2980
  9487.0   3.00  0.4680  0.8060  0.2260  0.4630  0.7970  0.2240
 11943.0   3.00  0.3470  0.5700  0.1750  0.3100  0.5050  0.1590
 15036.0   3.00  0.2500  0.3980  0.1310  0.1960  0.3060  0.1050
 18929.0   3.00  0.1770  0.2750  0.0960  0.1380  0.2120  0.0760
 23830.0   3.00  0.1280  0.1960  0.0710  0.0980  0.1470  0.0540
 30001.0   3.00  0.0930  0.1390  0.0520  0.0450  0.0660  0.0250
  1000.0   3.50  2.8550 15.2920  0.6420  3.3560 29.1950  0.6570
  1142.0   3.50  2.4380 10.0840  0.6110  3.0100 18.7700  0.6420
  1285.0   3.50  2.1160  7.5160  0.5800  2.7770 14.7710  0.6320
  1428.0   3.50  1.9070  6.1230  0.5550  2.5700 12.0570  0.6150
  1571.0   3.50  1.8120  5.5680  0.5450  2.4080 10.6210  0.6030
  1714.0   3.50  1.7970  5.4700  0.5410  2.2860  9.3310  0.5930
  1857.0   3.50  1.8730  5.9000  0.5520  2.1850  8.4100  0.5820
  2000.0   3.50  2.0930  7.2420  0.5800  2.1020  7.7190  0.5730
  2142.0   3.50  2.2990  8.8510  0.6000  2.0340  7.0870  0.5670
  2285.0   3.50  2.1800  7.8890  0.5890  1.9550  6.5730  0.5600
  2428.0   3.50  1.9510  6.3180  0.5620  1.8860  6.1230  0.5520
  2571.0   3.50  1.7870  5.3620  0.5420  1.8240  5.6820  0.5440
  2714.0   3.50  1.6870  4.8000  0.5250  1.7700  5.3410  0.5380
  2857.0   3.50  1.6080  4.4390  0.5150  1.6940  4.9070  0.5250
  3000.0   3.50  1.5590  4.1940  0.5100  1.6440  4.6700  0.5190
  3776.0   3.50  1.4180  3.5560  0.4850  1.4690  3.7810  0.4930
  4754.0   3.50  1.2000  2.7650  0.4420  1.2290  2.8510  0.4480
  5985.0   3.50  1.0000  2.0980  0.3940  0.9780  2.0310  0.3900
  7535.0   3.50  0.7950  1.5380  0.3400  0.7540  1.4390  0.3290
  9487.0   3.50  0.5390  0.9520  0.2540  0.5340  0.9400  0.2520
 11943.0   3.50  0.4000  0.6720  0.1990  0.3600  0.5940  0.1810
 15036.0   3.50  0.2900  0.4680  0.1500  0.2280  0.3600  0.1210
 18929.0   3.50  0.2060  0.3230  0.1100  0.1610  0.2490  0.0870
 23830.0   3.50  0.1490  0.2290  0.0810  0.1140  0.1720  0.0630
 30001.0   3.50  0.1080  0.1630  0.0600  0.0520  0.0770  0.0290
  1000.0   4.00  2.9960 17.2260  0.6460  3.4820 30.9120  0.6650
  1142.0   4.00  2.5650 11.5680  0.6200  3.1410 22.7520  0.6470
  1285.0   4.00  2.2470  8.5770  0.5900  2.9060 17.3560  0.6380
  1428.0   4.00  2.0410  7.0530  0.5680  2.7100 14.1720  0.6250
  1571.0   4.00  1.9430  6.4280  0.5560  2.5450 12.2980  0.6120
  1714.0   4.00  1.9290  6.3060  0.5560  2.4210 10.8420  0.6050
  1857.0   4.00  2.0030  6.7960  0.5660  2.3200  9.6820  0.5950
  2000.0   4.00  2.2240  8.3420  0.5890  2.2300  8.9370  0.5870
  2142.0   4.00  2.4380 10.2250  0.6080  2.1620  8.2640  0.5780
  2285.0   4.00  2.3110  8.9830  0.5990  2.0810  7.6030  0.5740
  2428.0   4.00  2.0830  7.2600  0.5770  2.0170  7.0620  0.5660
  2571.0   4.00  1.9180  6.1180  0.5580  1.9530  6.5520  0.5600
  2714.0   4.00  1.8100  5.5430  0.5440  1.8970  6.1500  0.5530
  2857.0   4.00  1.7370  5.1190  0.5330  1.8160  5.6590  0.5430
  3000.0   4.00  1.6800  4.8400  0.5250  1.7680  5.3960  0.5370
  3776.0   4.00  1.5380  4.1270  0.5050  1.5870  4.3790  0.5130
  4754.0   4.00  1.3190  3.1900  0.4660  1.3460  3.2910  0.4720
  5985.0   4.00  1.1050  2.4230  0.4200  1.0820  2.3490  0.4140
  7535.0   4.00  0.8870  1.7780  0.3660  0.8430  1.6630  0.3540
  9487.0   4.00  0.6080  1.1010  0.2790  0.6020  1.0870  0.2770
 11943.0   4.00  0.4540  0.7750  0.2210  0.4070  0.6860  0.2020
 15036.0   4.00  0.3290  0.5390  0.1680  0.2590  0.4140  0.1350
 18929.0   4.00  0.2350  0.3720  0.1240  0.1840  0.2850  0.0990
 23830.0   4.00  0.1700  0.2630  0.0920  0.1300  0.1980  0.0710
 30001.0   4.00  0.1230  0.1870  0.0680  0.0590  0.0880  0.0330
  1000.0   4.50  3.1150 17.9670  0.6520  3.6180 38.0580  0.6650
  1142.0   4.50  2.6880 13.0630  0.6300  3.2580 25.7580  0.6550
  1285.0   4.50  2.3580  9.7340  0.6010  3.0180 19.6610  0.6390
  1428.0   4.50  2.1550  8.0240  0.5810  2.8360 16.1030  0.6310
  1571.0   4.50  2.0510  7.2790  0.5690  2.6740 13.6140  0.6210
  1714.0   4.50  2.0420  7.1670  0.5680  2.5390 12.3410  0.6130
  1857.0   4.50  2.1200  7.7340  0.5770  2.4430 11.0800  0.6020
  2000.0   4.50  2.3440  9.4950  0.5990  2.3510 10.2160  0.5950
  2142.0   4.50  2.5390 11.5640  0.6180  2.2760  9.3290  0.5920
  2285.0   4.50  2.4380 10.1120  0.6080  2.2020  8.5810  0.5830
  2428.0   4.50  2.1990  8.2110  0.5870  2.1310  7.9730  0.5750
  2571.0   4.50  2.0310  6.9770  0.5710  2.0720  7.4280  0.5720
  2714.0   4.50  1.9270  6.2910  0.5580  2.0080  6.9800  0.5640
  2857.0   4.50  1.8430  5.8020  0.5480  1.9340  6.4180  0.5570
  3000.0   4.50  1.7870  5.5030  0.5400  1.8800  6.1260  0.5510
  3776.0   4.50  1.6460  4.6940  0.5180  1.7000  4.9790  0.5270
  4754.0   4.50  1.4220  3.6170  0.4850  1.4520  3.7390  0.4900
  5985.0   4.50  1.2000  2.7610  0.4420  1.1740  2.6710  0.4370
  7535.0   4.50  0.9730  2.0250  0.3890  0.9260  1.8930  0.3760
  9487.0   4.50  0.6740  1.2550  0.3020  0.6680  1.2370  0.3000
 11943.0   4.50  0.5070  0.8790  0.2410  0.4550  0.7780  0.2210
 15036.0   4.50  0.3690  0.6100  0.1850  0.2900  0.4700  0.1500
 18929.0   4.50  0.2630  0.4210  0.1370  0.2060  0.3220  0.1100
 23830.0   4.50  0.1910  0.2980  0.1030  0.1460  0.2230  0.0800
 30001.0   4.50  0.1380  0.2110  0.0760  0.0670  0.0990  0.0370
  1000.0   5.00  3.2130 23.7940  0.6570  3.7200 44.4030  0.6710
  1142.0   5.00  2.7920 13.6950  0.6290  3.3830 27.2150  0.6560
  1285.0   5.00  2.4630 10.9340  0.6110  3.1240 22.0310  0.6440
  1428.0   5.00  2.2590  8.9380  0.5900  2.9370 18.5320  0.6320
  1571.0   5.00  2.1580  8.1460  0.5780  2.7740 15.6220  0.6260
  1714.0   5.00  2.1400  8.0320  0.5780  2.6370 13.4350  0.6200
  1857.0   5.00  2.2230  8.6210  0.5880  2.5390 12.4230  0.6120
  2000.0   5.00  2.4430 10.7050  0.6100  2.4610 11.1990  0.6040
  2142.0   5.00  2.6550 12.5620  0.6280  2.3790 10.3870  0.6000
  2285.0   5.00  2.5320 11.3930  0.6160  2.3020  9.7110  0.5930
  2428.0   5.00  2.3030  9.2280  0.5930  2.2340  8.8660  0.5860
  2571.0   5.00  2.1250  7.7810  0.5790  2.1710  8.2960  0.5780
  2714.0   5.00  2.0260  7.0250  0.5660  2.1120  7.8220  0.5750
  2857.0   5.00  1.9520  6.5030  0.5580  2.0330  7.2520  0.5650
  3000.0   5.00  1.8920  6.1680  0.5520  1.9850  6.8300  0.5600
  3776.0   5.00  1.7480  5.2320  0.5330  1.7950  5.5600  0.5380
  4754.0   5.00  1.5200  4.0650  0.5000  1.5490  4.1940  0.5040
  5985.0   5.00  1.2920  3.0970  0.4610  1.2660  2.9980  0.4550
  7535.0   5.00  1.0540  2.2690  0.4070  1.0060  2.1250  0.3960
  9487.0   5.00  0.7370  1.4080  0.3220  0.7300  1.3890  0.3220
 11943.0   5.00  0.5560  0.9850  0.2610  0.5020  0.8710  0.2390
 15036.0   5.00  0.4070  0.6830  0.2010  0.3210  0.5250  0.1640
 18929.0   5.00  0.2900  0.4700  0.1500  0.2280  0.3600  0.1210
 23830.0   5.00  0.2120  0.3320  0.1130  0.1620  0.2490  0.0880
 30001.0   5.00  0.1530  0.2350  0.0830  0.0740  0.1110  0.0410
  1000.0   5.50  3.2990 26.4310  0.6590  3.8090 47.9460  0.6730
  1142.0   5.50  2.8810 16.9730  0.6390  3.4790 34.0520  0.6610
  1285.0   5.50  2.5630 12.1920  0.6170  3.2330 24.5150  0.6470
  1428.0   5.50  2.3430  9.9000  0.5970  3.0420 20.2150  0.6380
  1571.0   5.50  2.2480  9.0080  0.5870  2.8650 17.1290  0.6330
  1714.0   5.50  2.2350  8.8760  0.5870  2.7380 14.9750  0.6220
  1857.0   5.50  2.3130  9.4860  0.5960  2.6300 13.7750  0.6150
  2000.0   5.50  2.5440 11.8320  0.6140  2.5470 12.5150  0.6100
  2142.0   5.50  2.7490 14.1270  0.6290  2.4740 11.5170  0.6060
  2285.0   5.50  2.6300 12.4890  0.6230  2.3990 10.7250  0.6010
  2428.0   5.50  2.3950 10.0470  0.6020  2.3260  9.8330  0.5950
  2571.0   5.50  2.2250  8.6020  0.5870  2.2670  9.1870  0.5870
  2714.0   5.50  2.1220  7.7900  0.5760  2.2100  8.6210  0.5830
  2857.0   5.50  2.0440  7.2440  0.5690  2.1230  8.0230  0.5750
  3000.0   5.50  1.9830  6.8260  0.5600  2.0850  7.5830  0.5710
  3776.0   5.50  1.8370  5.8200  0.5440  1.8870  6.1660  0.5490
  4754.0   5.50  1.6060  4.5150  0.5110  1.6340  4.6680  0.5150
  5985.0   5.50  1.3750  3.4250  0.4750  1.3480  3.3230  0.4710
  7535.0   5.50  1.1290  2.5210  0.4260  1.0820  2.3560  0.4130
  9487.0   5.50  0.7980  1.5620  0.3400  0.7920  1.5390  0.3380
 11943.0   5.50  0.6070  1.0910  0.2780  0.5470  0.9650  0.2570
 15036.0   5.50  0.4440  0.7570  0.2170  0.3520  0.5810  0.1780
 18929.0   5.50  0.3180  0.5200  0.1630  0.2500  0.3980  0.1310
 23830.0   5.50  0.2320  0.3670  0.1230  0.1770  0.2750  0.0960
 30001.0   5.50  0.1680  0.2600  0.0910  0.0810  0.1220  0.0450
  1000.0   6.00  3.4040 30.1700  0.6600  3.9010 58.7070  0.6720
  1142.0   6.00  2.9690 18.3440  0.6420  3.5610 37.6820  0.6650
  1285.0   6.00  2.6490 13.0000  0.6190  3.3140 26.9930  0.6570
  1428.0   6.00  2.4350 10.7950  0.6040  3.1110 22.5000  0.6440
  1571.0   6.00  2.3390  9.9720  0.5940  2.9630 18.6390  0.6350
  1714.0   6.00  2.3160  9.6940  0.5930  2.8190 16.9370  0.6280
  1857.0   6.00  2.4040 10.4450  0.6030  2.7140 15.0810  0.6230
  2000.0   6.00  2.6290 12.6070  0.6200  2.6310 13.3160  0.6170
  2142.0   6.00  2.8280 15.5440  0.6350  2.5600 12.7460  0.6120
  2285.0   6.00  2.7170 14.0160  0.6270  2.4870 11.7340  0.6040
  2428.0   6.00  2.4840 11.0660  0.6100  2.4130 10.7460  0.6020
  2571.0   6.00  2.3150  9.4000  0.5940  2.3540 10.0570  0.5990
  2714.0   6.00  2.2030  8.4920  0.5840  2.2890  9.5000  0.5920
  2857.0   6.00  2.1240  7.9130  0.5750  2.2130  8.6500  0.5840
  3000.0   6.00  2.0720  7.4500  0.5690  2.1630  8.3190  0.5790
  3776.0   6.00  1.9220  6.4120  0.5510  1.9750  6.7810  0.5540
  4754.0   6.00  1.6870  4.9560  0.5240  1.7190  5.0950  0.5280
  5985.0   6.00  1.4540  3.7660  0.4890  1.4280  3.6430  0.4840
  7535.0   6.00  1.2000  2.7710  0.4420  1.1510  2.5930  0.4310
  9487.0   6.00  0.8590  1.7190  0.3570  0.8500  1.6940  0.3560
 11943.0   6.00  0.6540  1.2010  0.2950  0.5910  1.0600  0.2730
 15036.0   6.00  0.4820  0.8300  0.2320  0.3820  0.6370  0.1910
 18929.0   6.00  0.3460  0.5700  0.1750  0.2720  0.4360  0.1410
 23830.0   6.00  0.2520  0.4020  0.1340  0.1930  0.3010  0.1040
 30001.0   6.00  0.1830  0.2840  0.0990  0.0890  0.1330  0.0490
  1000.0   7.00  3.5660 31.7740  0.6680  4.0630 67.0400  0.6770
  1142.0   7.00  3.1290 21.6800  0.6460  3.7030 44.4380  0.6670
  1285.0   7.00  2.8050 16.0060  0.6310  3.4570 32.9060  0.6590
  1428.0   7.00  2.5840 12.2580  0.6150  3.2750 24.0780  0.6500
  1571.0   7.00  2.4770 11.5890  0.6040  3.1140 23.7260  0.6460
  1714.0   7.00  2.4760 11.4950  0.6080  2.9740 20.6460  0.6350
  1857.0   7.00  2.5520 12.4880  0.6130  2.8800 17.3360  0.6310
  2000.0   7.00  2.7800 14.9010  0.6300  2.7890 16.2210  0.6250
  2142.0   7.00  2.9880 19.0890  0.6440  2.7080 14.8240  0.6230
  2285.0   7.00  2.8740 15.8300  0.6350  2.6380 13.5220  0.6170
  2428.0   7.00  2.6310 13.2130  0.6220  2.5720 12.8600  0.6100
  2571.0   7.00  2.4650 11.0840  0.6060  2.5040 12.0050  0.6110
  2714.0   7.00  2.3620 10.0020  0.5970  2.4460 11.0810  0.6030
  2857.0   7.00  2.2750  9.2900  0.5880  2.3610 10.2130  0.5970
  3000.0   7.00  2.2190  8.8030  0.5820  2.3190  9.8400  0.5920
  3776.0   7.00  2.0720  7.4600  0.5680  2.1240  8.0370  0.5740
  4754.0   7.00  1.8360  5.8420  0.5440  1.8670  6.0020  0.5470
  5985.0   7.00  1.5940  4.4580  0.5100  1.5690  4.3260  0.5060
  7535.0   7.00  1.3340  3.2760  0.4680  1.2810  3.0680  0.4580
  9487.0   7.00  0.9710  2.0410  0.3860  0.9640  2.0100  0.3840
 11943.0   7.00  0.7460  1.4210  0.3260  0.6780  1.2540  0.3030
 15036.0   7.00  0.5540  0.9790  0.2600  0.4410  0.7520  0.2150
 18929.0   7.00  0.4010  0.6720  0.1990  0.3150  0.5130  0.1610
 23830.0   7.00  0.2920  0.4730  0.1510  0.2240  0.3530  0.1190
 30001.0   7.00  0.2130  0.3330  0.1130  0.1030  0.1560  0.0570
  1000.0   8.00  3.6880 39.4640  0.6720  4.1820 77.4550  0.6790
  1142.0   8.00  3.2660 25.0370  0.6540  3.8570 53.2240  0.6730
  1285.0   8.00  2.9440 18.1520  0.6380  3.5980 40.7920  0.6630
  1428.0   8.00  2.7250 14.7140  0.6230  3.4030 31.8530  0.6590
  1571.0   8.00  2.6240 13.3670  0.6150  3.2540 26.3860  0.6490
  1714.0   8.00  2.6000 13.1190  0.6150  3.1120 24.4000  0.6390
  1857.0   8.00  2.6910 13.6250  0.6210  2.9910 21.3490  0.6380
  2000.0   8.00  2.9160 17.2040  0.6340  2.9090 18.5190  0.6310
  2142.0   8.00  3.1160 21.1440  0.6470  2.8400 17.3380  0.6270
  2285.0   8.00  3.0080 19.7260  0.6410  2.7770 15.5910  0.6230
  2428.0   8.00  2.7820 14.6160  0.6300  2.7060 14.7800  0.6200
  2571.0   8.00  2.5990 12.9200  0.6190  2.6390 13.5100  0.6160
  2714.0   8.00  2.4910 11.6080  0.6080  2.5760 12.9190  0.6120
  2857.0   8.00  2.4110 10.7600  0.6020  2.5000 11.9700  0.6080
  3000.0   8.00  2.3510 10.1910  0.5930  2.4510 11.2800  0.6020
  3776.0   8.00  2.2010  8.6520  0.5830  2.2450  9.1870  0.5880
  4754.0   8.00  1.9640  6.7620  0.5560  1.9920  6.9300  0.5600
  5985.0   8.00  1.7200  5.1510  0.5280  1.6940  4.9960  0.5240
  7535.0   8.00  1.4580  3.7890  0.4870  1.4020  3.5490  0.4780
  9487.0   8.00  1.0740  2.3600  0.4120  1.0660  2.3230  0.4100
 11943.0   8.00  0.8340  1.6430  0.3520  0.7580  1.4520  0.3290
 15036.0   8.00  0.6240  1.1320  0.2850  0.5000  0.8670  0.2380
 18929.0   8.00  0.4540  0.7760  0.2210  0.3580  0.5910  0.1810
 23830.0   8.00  0.3320  0.5450  0.1690  0.2550  0.4070  0.1350
 30001.0   8.00  0.2420  0.3840  0.1280  0.1170  0.1790  0.0650
  1000.0   9.00  3.8150 48.1810  0.6730  4.3000 86.4610  0.6850
  1142.0   9.00  3.3850 29.6040  0.6600  3.9720 67.4120  0.6740
  1285.0   9.00  3.0620 21.0070  0.6430  3.7180 42.4300  0.6670
  1428.0   9.00  2.8420 16.8840  0.6290  3.5260 36.8140  0.6590
  1571.0   9.00  2.7400 15.2240  0.6210  3.3760 30.8600  0.6530
  1714.0   9.00  2.7190 14.8960  0.6210  3.2460 25.2410  0.6450
  1857.0   9.00  2.8190 16.0620  0.6270  3.1250 23.4200  0.6430
  2000.0   9.00  3.0270 20.1780  0.6400  3.0330 21.0070  0.6360
  2142.0   9.00  3.2350 26.7710  0.6520  2.9680 18.3830  0.6310
  2285.0   9.00  3.1310 23.1190  0.6460  2.8910 18.3090  0.6320
  2428.0   9.00  2.8970 18.1130  0.6350  2.8200 15.9290  0.6240
  2571.0   9.00  2.7210 14.0810  0.6250  2.7560 15.1180  0.6260
  2714.0   9.00  2.6020 13.0970  0.6160  2.7030 14.6640  0.6210
  2857.0   9.00  2.5280 12.2810  0.6090  2.6080 13.3990  0.6170
  3000.0   9.00  2.4680 11.5670  0.6030  2.5610 12.7730  0.6100
  3776.0   9.00  2.3150  9.8410  0.5960  2.3720 10.4480  0.5960
  4754.0   9.00  2.0740  7.6240  0.5670  2.1050  7.8850  0.5730
  5985.0   9.00  1.8300  5.8510  0.5410  1.8070  5.6670  0.5380
  7535.0   9.00  1.5610  4.3170  0.5060  1.5060  4.0430  0.4970
  9487.0   9.00  1.1660  2.6900  0.4330  1.1560  2.6490  0.4320
 11943.0   9.00  0.9180  1.8680  0.3740  0.8360  1.6500  0.3520
 15036.0   9.00  0.6920  1.2870  0.3080  0.5550  0.9870  0.2600
 18929.0   9.00  0.5060  0.8800  0.2410  0.4000  0.6700  0.1990
 23830.0   9.00  0.3720  0.6170  0.1870  0.2860  0.4600  0.1480
 30001.0   9.00  0.2710  0.4340  0.1410  0.1320  0.2020  0.0720
  1000.0  10.00  3.9040 53.3220  0.6830  4.4230 95.9240  0.6820
  1142.0  10.00  3.4980 31.3350  0.6600  4.1070 74.3140  0.6740
  1285.0  10.00  3.1660 24.3720  0.6460  3.8410 60.3290  0.6700
  1428.0  10.00  2.9550 19.0920  0.6330  3.6290 40.6190  0.6650
  1571.0  10.00  2.8490 17.2990  0.6260  3.4740 28.6830  0.6560
  1714.0  10.00  2.8260 16.7160  0.6260  3.3400 26.4030  0.6500
  1857.0  10.00  2.9130 18.4680  0.6340  3.2330 26.0220  0.6460
  2000.0  10.00  3.1370 22.6570  0.6440  3.1420 23.0750  0.6420
  2142.0  10.00  3.3500 27.2930  0.6580  3.0760 19.4890  0.6380
  2285.0  10.00  3.2330 22.7780  0.6490  2.9850 19.8940  0.6360
  2428.0  10.00  2.9950 20.2050  0.6390  2.9210 18.8440  0.6320
  2571.0  10.00  2.8240 15.9460  0.6320  2.8670 18.1530  0.6290
  2714.0  10.00  2.7200 14.4180  0.6210  2.8070 16.2630  0.6260
  2857.0  10.00  2.6370 13.2630  0.6190  2.7280 15.3110  0.6210
  3000.0  10.00  2.5820 12.7960  0.6100  2.6680 14.3860  0.6160
  3776.0  10.00  2.4160 10.9480  0.6040  2.4780 11.6010  0.6040
  4754.0  10.00  2.1770  8.6150  0.5780  2.2030  8.8420  0.5810
  5985.0  10.00  1.9320  6.5640  0.5520  1.9100  6.3370  0.5490
  7535.0  10.00  1.6630  4.8250  0.5170  1.6020  4.5250  0.5100
  9487.0  10.00  1.2570  3.0150  0.4530  1.2470  2.9710  0.4510
 11943.0  10.00  0.9970  2.0990  0.3930  0.9110  1.8490  0.3720
 15036.0  10.00  0.7560  1.4440  0.3280  0.6100  1.1030  0.2800
 18929.0  10.00  0.5560  0.9860  0.2600  0.4410  0.7500  0.2160
 23830.0  10.00  0.4110  0.6910  0.2030  0.3160  0.5140  0.1620
 30001.0  10.00  0.2990  0.4850  0.1540  0.1460  0.2250  0.0800
