     91.0 0.00000E+00 0.00000E+00 0.00000E+00 0.00000E+00 0.00000E+00
     94.0 0.00000E+00 0.00000E+00 0.00000E+00 0.00000E+00 0.00000E+00
     96.0 0.00000E+00 0.00000E+00 0.00000E+00 0.00000E+00 0.00000E+00
     98.0 0.00000E+00 0.00000E+00 0.00000E+00 0.00000E+00 0.00000E+00
    100.0 0.00000E+00 0.00000E+00 0.00000E+00 0.00000E+00 0.00000E+00
    102.0 0.00000E+00 0.00000E+00 0.00000E+00 0.00000E+00 0.00000E+00
    104.0 0.00000E+00 0.00000E+00 0.00000E+00 0.00000E+00 0.00000E+00
    106.0 0.00000E+00 0.00000E+00 0.00000E+00 0.00000E+00 0.00000E+00
    108.0 0.00000E+00 0.00000E+00 0.00000E+00 0.00000E+00 0.00000E+00
    110.0 0.00000E+00 0.00000E+00 0.00000E+00 0.00000E+00 0.00000E+00
    114.0 0.00000E+00 0.00000E+00 0.00000E+00 0.00000E+00 0.00000E+00
    118.0 0.00000E+00 0.00000E+00 0.00000E+00 0.00000E+00 0.00000E+00
    121.0 0.00000E+00 0.00000E+00 0.00000E+00 0.00000E+00 0.00000E+00
    125.0 0.00000E+00 0.00000E+00 0.00000E+00 0.00000E+00 0.00000E+00
    127.0 0.00000E+00 0.00000E+00 0.00000E+00 0.00000E+00 0.00000E+00
    128.0 0.00000E+00 0.00000E+00 0.00000E+00 0.00000E+00 0.00000E+00
    131.0 0.00000E+00 0.00000E+00 0.00000E+00 0.00000E+00 0.00000E+00
    132.0 0.00000E+00 0.00000E+00 0.00000E+00 0.00000E+00 0.00000E+00
    134.0 0.00000E+00 0.00000E+00 0.00000E+00 0.00000E+00 0.00000E+00
    137.0 0.00000E+00 0.00000E+00 0.00000E+00 0.00000E+00 0.00000E+00
    140.0 0.00000E+00 0.00000E+00 0.00000E+00 0.00000E+00 0.00000E+00
    143.0 0.00000E+00 0.00000E+00 0.00000E+00 0.00000E+00 0.00000E+00
    147.0 0.00000E+00 0.00000E+00 0.00000E+00 0.00000E+00 0.00000E+00
    151.0 0.00000E+00 0.00000E+00 0.00000E+00 0.00000E+00 0.00000E+00
    155.0 0.00000E+00 0.00000E+00 0.00000E+00 0.00000E+00 0.00000E+00
    159.0 0.00000E+00 0.00000E+00 0.00000E+00 0.00000E+00 0.00000E+00
    162.0 0.00000E+00 0.00000E+00 0.00000E+00 0.00000E+00 0.00000E+00
    166.0 0.00000E+00 0.00000E+00 0.00000E+00 0.00000E+00 0.00000E+00
    170.0 0.00000E+00 0.00000E+00 0.00000E+00 0.00000E+00 0.00000E+00
    173.0 0.00000E+00 0.00000E+00 0.00000E+00 0.00000E+00 0.00000E+00
    177.0 0.00000E+00 0.00000E+00 0.00000E+00 0.00000E+00 0.00000E+00
    180.0 0.00000E+00 0.00000E+00 0.00000E+00 0.00000E+00 0.00000E+00
    182.0 0.00000E+00 0.00000E+00 0.00000E+00 0.00000E+00 0.00000E+00
    186.0 0.00000E+00 0.00000E+00 0.00000E+00 0.00000E+00 0.00000E+00
    191.0 0.00000E+00 0.00000E+00 0.00000E+00 0.00000E+00 0.00000E+00
    194.0 0.00000E+00 0.00000E+00 0.00000E+00 0.00000E+00 0.00000E+00
    198.0 0.00000E+00 0.00000E+00 0.00000E+00 0.00000E+00 0.00000E+00
    202.0 0.00000E+00 0.00000E+00 0.00000E+00 0.00000E+00 0.00000E+00
    205.0 0.00000E+00 0.00000E+00 0.00000E+00 0.00000E+00 0.00000E+00
    210.0 0.00000E+00 0.00000E+00 0.00000E+00 0.00000E+00 0.00000E+00
    216.0 0.00000E+00 0.00000E+00 0.00000E+00 0.00000E+00 0.00000E+00
    220.0 0.00000E+00 0.00000E+00 0.00000E+00 0.00000E+00 0.00000E+00
    223.0 0.00000E+00 0.00000E+00 0.00000E+00 0.00000E+00 0.00000E+00
    227.0 0.00000E+00 0.00000E+00 0.00000E+00 0.00000E+00 0.00000E+00
    230.0 0.00000E+00 0.00000E+00 0.00000E+00 0.00000E+00 0.00000E+00
    234.0 0.00000E+00 0.00000E+00 0.00000E+00 0.00000E+00 0.00000E+00
    240.0 0.00000E+00 0.00000E+00 0.00000E+00 0.00000E+00 0.00000E+00
    246.0 0.00000E+00 0.00000E+00 0.00000E+00 0.00000E+00 0.00000E+00
    252.0 0.00000E+00 0.00000E+00 0.00000E+00 0.00000E+00 0.00000E+00
    257.0 0.00000E+00 0.00000E+00 0.00000E+00 0.00000E+00 0.00000E+00
    260.0 0.00000E+00 0.00000E+00 0.00000E+00 0.00000E+00 0.00000E+00
    264.0 0.00000E+00 0.00000E+00 0.00000E+00 0.00000E+00 0.00000E+00
    269.0 0.00000E+00 0.00000E+00 0.00000E+00 0.00000E+00 0.00000E+00
    274.0 0.00000E+00 0.00000E+00 0.00000E+00 0.00000E+00 0.00000E+00
    279.0 0.00000E+00 0.00000E+00 0.00000E+00 0.00000E+00 0.00000E+00
    284.0 0.00000E+00 0.00000E+00 0.00000E+00 0.00000E+00 0.00000E+00
    290.0 0.00000E+00 0.00000E+00 0.00000E+00 0.00000E+00 0.00000E+00
    296.0 0.00000E+00 0.00000E+00 0.00000E+00 0.00000E+00 0.00000E+00
    301.0 0.00000E+00 0.00000E+00 0.00000E+00 0.00000E+00 0.00000E+00
    308.0 0.00000E+00 0.00000E+00 0.00000E+00 0.00000E+00 0.00000E+00
    318.0 0.00000E+00 0.00000E+00 0.00000E+00 0.00000E+00 0.00000E+00
    328.0 0.00000E+00 0.00000E+00 0.00000E+00 0.00000E+00 0.00000E+00
    338.0 0.00000E+00 0.00000E+00 0.00000E+00 0.00000E+00 0.00000E+00
    348.0 0.00000E+00 0.00000E+00 0.00000E+00 0.00000E+00 0.00000E+00
    357.0 0.00000E+00 0.00000E+00 0.00000E+00 0.00000E+00 0.00000E+00
    366.0 0.00000E+00 0.00000E+00 0.00000E+00 0.00000E+00 0.00000E+00
    375.0 0.00000E+00 0.00000E+00 0.00000E+00 0.00000E+00 0.00000E+00
    385.0 0.00000E+00 0.00000E+00 0.00000E+00 0.00000E+00 0.00000E+00
    395.0 0.00000E+00 0.00000E+00 0.00000E+00 0.00000E+00 0.00000E+00
    405.0 0.00000E+00 0.00000E+00 0.00000E+00 0.00000E+00 0.00000E+00
    414.0 0.00000E+00 0.00000E+00 0.00000E+00 0.00000E+00 0.00000E+00
    422.0 0.00000E+00 0.00000E+00 0.00000E+00 0.00000E+00 0.00000E+00
    430.0 0.00000E+00 0.00000E+00 0.00000E+00 0.00000E+00 0.00000E+00
    441.0 0.00000E+00 0.00000E+00 0.00000E+00 0.00000E+00 0.00000E+00
    451.0 0.00000E+00 0.00000E+00 0.00000E+00 0.00000E+00 0.00000E+00
    460.0 0.00000E+00 0.00000E+00 0.00000E+00 0.00000E+00 0.00000E+00
    470.0 0.00000E+00 0.00000E+00 0.00000E+00 0.00000E+00 0.00000E+00
    480.0 0.00000E+00 0.00000E+00 0.00000E+00 0.00000E+00 0.00000E+00
    490.0 0.00000E+00 0.00000E+00 0.00000E+00 0.00000E+00 0.00000E+00
    500.0 0.00000E+00 0.00000E+00 0.00000E+00 0.00000E+00 0.00000E+00
    506.0 0.00000E+00 0.00000E+00 0.00000E+00 0.00000E+00 0.00000E+00
    512.0 0.00000E+00 0.00000E+00 0.00000E+00 0.00000E+00 0.00000E+00
    520.0 0.00000E+00 0.00000E+00 0.00000E+00 0.00000E+00 0.00000E+00
    530.0 0.00000E+00 0.00000E+00 0.00000E+00 0.00000E+00 0.00000E+00
    540.0 0.00000E+00 0.00000E+00 0.00000E+00 0.00000E+00 0.00000E+00
    550.0 0.00000E+00 0.00000E+00 0.00000E+00 0.00000E+00 0.00000E+00
    560.0 0.00000E+00 0.00000E+00 0.00000E+00 0.00000E+00 0.00000E+00
    570.0 0.00000E+00 0.00000E+00 0.00000E+00 0.00000E+00 0.00000E+00
    580.0 0.00000E+00 0.00000E+00 0.00000E+00 0.00000E+00 0.00000E+00
    590.0 0.00000E+00 0.00000E+00 0.00000E+00 0.00000E+00 0.00000E+00
    600.0 0.00000E+00 0.00000E+00 0.00000E+00 0.00000E+00 0.00000E+00
    610.0 0.00000E+00 0.00000E+00 0.00000E+00 0.00000E+00 0.00000E+00
    620.0 0.00000E+00 0.00000E+00 0.00000E+00 0.00000E+00 0.00000E+00
    630.0 0.00000E+00 0.00000E+00 0.00000E+00 0.00000E+00 0.00000E+00
    640.0 0.00000E+00 0.00000E+00 0.00000E+00 0.00000E+00 0.00000E+00
    650.0 0.00000E+00 0.00000E+00 0.00000E+00 0.00000E+00 0.00000E+00
    658.0 0.00000E+00 0.00000E+00 0.00000E+00 0.00000E+00 0.00000E+00
    665.0 0.00000E+00 0.00000E+00 0.00000E+00 0.00000E+00 0.00000E+00
    675.0 0.00000E+00 0.00000E+00 0.00000E+00 0.00000E+00 0.00000E+00
    685.0 0.00000E+00 0.00000E+00 0.00000E+00 0.00000E+00 0.00000E+00
    695.0 0.00000E+00 0.00000E+00 0.00000E+00 0.00000E+00 0.00000E+00
    705.0 0.00000E+00 0.00000E+00 0.00000E+00 0.00000E+00 0.00000E+00
    716.0 0.00000E+00 0.00000E+00 0.00000E+00 0.00000E+00 0.00000E+00
    726.0 0.00000E+00 0.00000E+00 0.00000E+00 0.00000E+00 0.00000E+00
    735.0 0.00000E+00 0.00000E+00 0.00000E+00 0.00000E+00 0.00000E+00
    745.0 0.00000E+00 0.00000E+00 0.00000E+00 0.00000E+00 0.00000E+00
    755.0 0.00000E+00 0.00000E+00 0.00000E+00 0.00000E+00 0.00000E+00
    765.0 0.00000E+00 0.00000E+00 0.00000E+00 0.00000E+00 0.00000E+00
    775.0 0.00000E+00 0.00000E+00 0.00000E+00 0.00000E+00 0.00000E+00
    785.0 0.00000E+00 0.00000E+00 0.00000E+00 0.00000E+00 0.00000E+00
    795.0 0.00000E+00 0.00000E+00 0.00000E+00 0.00000E+00 0.00000E+00
    805.0 0.00000E+00 0.00000E+00 0.00000E+00 0.00000E+00 0.00000E+00
    815.0 0.00000E+00 0.00000E+00 0.00000E+00 0.00000E+00 0.00000E+00
    825.0 0.00000E+00 0.00000E+00 0.00000E+00 0.00000E+00 0.00000E+00
    835.0 0.00000E+00 0.00000E+00 0.00000E+00 0.00000E+00 0.00000E+00
    845.0 0.00000E+00 0.00000E+00 0.00000E+00 0.00000E+00 0.00000E+00
    855.0 0.00000E+00 0.00000E+00 0.00000E+00 0.00000E+00 0.00000E+00
    865.0 0.00000E+00 0.00000E+00 0.00000E+00 0.00000E+00 0.00000E+00
    875.0 0.00000E+00 0.00000E+00 0.00000E+00 0.00000E+00 0.00000E+00
    885.0 0.00000E+00 0.00000E+00 0.00000E+00 0.00000E+00 0.00000E+00
    895.0 0.00000E+00 0.00000E+00 0.00000E+00 0.00000E+00 0.00000E+00
    905.0 0.00000E+00 0.00000E+00 0.00000E+00 0.00000E+00 0.00000E+00
    915.0 0.00000E+00 0.00000E+00 0.00000E+00 0.00000E+00 0.00000E+00
    925.0 0.00000E+00 0.00000E+00 0.00000E+00 0.00000E+00 0.00000E+00
    935.0 0.00000E+00 0.00000E+00 0.00000E+00 0.00000E+00 0.00000E+00
    945.0 0.00000E+00 0.00000E+00 0.00000E+00 0.00000E+00 0.00000E+00
    955.0 0.00000E+00 0.00000E+00 0.00000E+00 0.00000E+00 0.00000E+00
    965.0 0.00000E+00 0.00000E+00 0.00000E+00 0.00000E+00 0.00000E+00
    975.0 0.00000E+00 0.00000E+00 0.00000E+00 0.00000E+00 0.00000E+00
    985.0 0.00000E+00 0.00000E+00 0.00000E+00 0.00000E+00 0.00000E+00
    995.0 0.00000E+00 0.00000E+00 0.00000E+00 0.00000E+00 0.00000E+00
   1005.0 0.00000E+00 0.00000E+00 0.00000E+00 0.00000E+00 0.00000E+00
   1015.0 0.00000E+00 0.00000E+00 0.00000E+00 0.00000E+00 0.00000E+00
   1025.0 0.00000E+00 0.00000E+00 0.00000E+00 0.00000E+00 0.00000E+00
   1035.0 0.00000E+00 0.00000E+00 0.00000E+00 0.00000E+00 0.00000E+00
   1045.0 0.00000E+00 0.00000E+00 0.00000E+00 0.00000E+00 0.00000E+00
   1055.0 0.00000E+00 0.00000E+00 0.00000E+00 0.00000E+00 0.00000E+00
   1065.0 0.00000E+00 0.00000E+00 0.00000E+00 0.00000E+00 0.00000E+00
   1075.0 0.00000E+00 0.00000E+00 0.00000E+00 0.00000E+00 0.00000E+00
   1085.0 0.00000E+00 0.00000E+00 0.00000E+00 0.00000E+00 0.00000E+00
   1095.0 0.00000E+00 0.00000E+00 0.00000E+00 0.00000E+00 0.00000E+00
   1105.0 0.00000E+00 0.00000E+00 0.00000E+00 0.00000E+00 0.00000E+00
   1115.0 0.00000E+00 0.00000E+00 0.00000E+00 0.00000E+00 0.00000E+00
   1125.0 0.00000E+00 0.00000E+00 0.00000E+00 0.00000E+00 0.00000E+00
   1135.0 0.00000E+00 0.00000E+00 0.00000E+00 0.00000E+00 0.00000E+00
   1145.0 0.00000E+00 0.00000E+00 0.00000E+00 0.00000E+00 0.00000E+00
   1155.0 0.00000E+00 0.00000E+00 0.00000E+00 0.00000E+00 0.00000E+00
   1165.0 0.00000E+00 0.00000E+00 0.00000E+00 0.00000E+00 0.00000E+00
   1175.0 0.00000E+00 0.00000E+00 0.00000E+00 0.00000E+00 0.00000E+00
   1185.0 0.00000E+00 0.00000E+00 0.00000E+00 0.00000E+00 0.00000E+00
   1195.0 0.00000E+00 0.00000E+00 0.00000E+00 0.00000E+00 0.00000E+00
   1205.0 0.00000E+00 0.00000E+00 0.00000E+00 0.00000E+00 0.00000E+00
   1215.0 0.00000E+00 0.00000E+00 0.00000E+00 0.00000E+00 0.00000E+00
   1225.0 0.00000E+00 0.00000E+00 0.00000E+00 0.00000E+00 0.00000E+00
   1235.0 0.00000E+00 0.00000E+00 0.00000E+00 0.00000E+00 0.00000E+00
   1245.0 0.00000E+00 0.00000E+00 0.00000E+00 0.00000E+00 0.00000E+00
   1255.0 0.00000E+00 0.00000E+00 0.00000E+00 0.00000E+00 0.00000E+00
   1265.0 0.00000E+00 0.00000E+00 0.00000E+00 0.00000E+00 0.00000E+00
   1275.0 0.00000E+00 0.00000E+00 0.00000E+00 0.00000E+00 0.00000E+00
   1285.0 0.00000E+00 0.00000E+00 0.00000E+00 0.00000E+00 0.00000E+00
   1295.0 0.00000E+00 0.00000E+00 0.00000E+00 0.00000E+00 0.00000E+00
   1305.0 0.00000E+00 0.00000E+00 0.00000E+00 0.00000E+00 0.00000E+00
   1315.0 0.00000E+00 0.00000E+00 0.00000E+00 0.00000E+00 0.00000E+00
   1325.0 0.00000E+00 0.00000E+00 0.00000E+00 0.00000E+00 0.00000E+00
   1335.0 0.00000E+00 0.00000E+00 0.00000E+00 0.00000E+00 0.00000E+00
   1345.0 0.00000E+00 0.00000E+00 0.00000E+00 0.00000E+00 0.00000E+00
   1355.0 0.00000E+00 0.00000E+00 0.00000E+00 0.00000E+00 0.00000E+00
   1365.0 0.00000E+00 0.00000E+00 0.00000E+00 0.00000E+00 0.00000E+00
   1375.0 0.00000E+00 0.00000E+00 0.00000E+00 0.00000E+00 0.00000E+00
   1385.0 0.00000E+00 0.00000E+00 0.00000E+00 0.00000E+00 0.00000E+00
   1395.0 0.00000E+00 0.00000E+00 0.00000E+00 0.00000E+00 0.00000E+00
   1405.0 0.00000E+00 0.00000E+00 0.00000E+00 0.00000E+00 0.00000E+00
   1415.0 0.00000E+00 0.00000E+00 0.00000E+00 0.00000E+00 0.00000E+00
   1425.0 0.00000E+00 0.00000E+00 0.00000E+00 0.00000E+00 0.00000E+00
   1435.0 0.00000E+00 0.00000E+00 0.00000E+00 0.00000E+00 0.00000E+00
   1442.0 0.00000E+00 0.00000E+00 0.00000E+00 0.00000E+00 0.00000E+00
   1447.0 0.00000E+00 0.00000E+00 0.00000E+00 0.00000E+00 0.00000E+00
   1455.0 0.00000E+00 0.00000E+00 0.00000E+00 0.00000E+00 0.00000E+00
   1465.0 0.00000E+00 0.00000E+00 0.00000E+00 0.00000E+00 0.00000E+00
   1475.0 0.00000E+00 0.00000E+00 0.00000E+00 0.00000E+00 0.00000E+00
   1485.0 0.00000E+00 0.00000E+00 0.00000E+00 0.00000E+00 0.00000E+00
   1495.0 0.00000E+00 0.00000E+00 0.00000E+00 0.00000E+00 0.00000E+00
   1505.0 0.00000E+00 0.00000E+00 0.00000E+00 0.00000E+00 0.00000E+00
   1512.0 0.00000E+00 0.00000E+00 0.00000E+00 0.00000E+00 0.00000E+00
   1517.0 0.00000E+00 0.00000E+00 0.00000E+00 0.00000E+00 0.00000E+00
   1525.0 0.00000E+00 0.00000E+00 0.00000E+00 0.00000E+00 0.00000E+00
   1535.0 0.00000E+00 0.00000E+00 0.00000E+00 0.00000E+00 0.00000E+00
   1545.0 0.00000E+00 0.00000E+00 0.00000E+00 0.00000E+00 0.00000E+00
   1555.0 0.00000E+00 0.00000E+00 0.00000E+00 0.00000E+00 0.00000E+00
   1565.0 0.00000E+00 0.00000E+00 0.00000E+00 0.00000E+00 0.00000E+00
   1575.0 0.00000E+00 0.00000E+00 0.00000E+00 0.00000E+00 0.00000E+00
   1585.0 0.00000E+00 0.00000E+00 0.00000E+00 0.00000E+00 0.00000E+00
   1595.0 0.00000E+00 0.00000E+00 0.00000E+00 0.00000E+00 0.00000E+00
   1605.0 0.00000E+00 0.00000E+00 0.00000E+00 0.00000E+00 0.00000E+00
   1615.0 0.00000E+00 0.00000E+00 0.00000E+00 0.00000E+00 0.00000E+00
   1625.0 0.00000E+00 0.00000E+00 0.00000E+00 0.00000E+00 0.00000E+00
   1635.0 0.00000E+00 0.00000E+00 0.00000E+00 0.00000E+00 0.00000E+00
   1645.0 0.00000E+00 0.00000E+00 0.00000E+00 0.00000E+00 0.00000E+00
   1655.0 0.00000E+00 0.00000E+00 0.00000E+00 0.00000E+00 0.00000E+00
   1665.0 0.00000E+00 0.00000E+00 0.00000E+00 0.00000E+00 0.00000E+00
   1672.0 0.00000E+00 0.00000E+00 0.00000E+00 0.00000E+00 0.00000E+00
   1677.0 0.00000E+00 0.00000E+00 0.00000E+00 0.00000E+00 0.00000E+00
   1685.0 0.00000E+00 0.00000E+00 0.00000E+00 0.00000E+00 0.00000E+00
   1695.0 0.00000E+00 0.00000E+00 0.00000E+00 0.00000E+00 0.00000E+00
   1705.0 0.00000E+00 0.00000E+00 0.00000E+00 0.00000E+00 0.00000E+00
   1715.0 0.00000E+00 0.00000E+00 0.00000E+00 0.00000E+00 0.00000E+00
   1725.0 0.00000E+00 0.00000E+00 0.00000E+00 0.00000E+00 0.00000E+00
   1735.0 0.00000E+00 0.00000E+00 0.00000E+00 0.00000E+00 0.00000E+00
   1745.0 0.00000E+00 0.00000E+00 0.00000E+00 0.00000E+00 0.00000E+00
   1755.0 0.00000E+00 0.00000E+00 0.00000E+00 0.00000E+00 0.00000E+00
   1765.0 0.00000E+00 0.00000E+00 0.00000E+00 0.00000E+00 0.00000E+00
   1775.0 0.00000E+00 0.00000E+00 0.00000E+00 0.00000E+00 0.00000E+00
   1785.0 0.00000E+00 0.00000E+00 0.00000E+00 0.00000E+00 0.00000E+00
   1795.0 0.00000E+00 0.00000E+00 0.00000E+00 0.00000E+00 0.00000E+00
   1805.0 0.00000E+00 0.00000E+00 0.00000E+00 0.00000E+00 0.00000E+00
   1815.0 0.00000E+00 0.00000E+00 0.00000E+00 0.00000E+00 0.00000E+00
   1825.0 0.00000E+00 0.00000E+00 0.00000E+00 0.00000E+00 0.00000E+00
   1835.0 0.00000E+00 0.00000E+00 0.00000E+00 0.00000E+00 0.00000E+00
   1845.0 0.00000E+00 0.00000E+00 0.00000E+00 0.00000E+00 0.00000E+00
   1855.0 0.00000E+00 0.00000E+00 0.00000E+00 0.00000E+00 0.00000E+00
   1865.0 0.00000E+00 0.00000E+00 0.00000E+00 0.00000E+00 0.00000E+00
   1875.0 0.00000E+00 0.00000E+00 0.00000E+00 0.00000E+00 0.00000E+00
   1885.0 0.00000E+00 0.00000E+00 0.00000E+00 0.00000E+00 0.00000E+00
   1895.0 0.00000E+00 0.00000E+00 0.00000E+00 0.00000E+00 0.00000E+00
   1905.0 0.00000E+00 0.00000E+00 0.00000E+00 0.00000E+00 0.00000E+00
   1915.0 0.00000E+00 0.00000E+00 0.00000E+00 0.00000E+00 0.00000E+00
   1925.0 0.00000E+00 0.00000E+00 0.00000E+00 0.00000E+00 0.00000E+00
   1935.0 0.00000E+00 0.00000E+00 0.00000E+00 0.00000E+00 0.00000E+00
   1945.0 0.00000E+00 0.00000E+00 0.00000E+00 0.00000E+00 0.00000E+00
   1955.0 0.00000E+00 0.00000E+00 0.00000E+00 0.00000E+00 0.00000E+00
   1967.0 0.00000E+00 0.00000E+00 0.00000E+00 0.00000E+00 0.00000E+00
   1976.0 0.00000E+00 0.00000E+00 0.00000E+00 0.00000E+00 0.00000E+00
   1984.0 0.00000E+00 0.00000E+00 0.00000E+00 0.00000E+00 0.00000E+00
   1995.0 0.00000E+00 0.00000E+00 0.00000E+00 0.00000E+00 0.00000E+00
   2005.0 0.00000E+00 0.00000E+00 0.00000E+00 0.00000E+00 0.00000E+00
   2015.0 0.00000E+00 0.00000E+00 0.00000E+00 0.00000E+00 0.00000E+00
   2025.0 0.00000E+00 0.00000E+00 0.00000E+00 0.00000E+00 0.00000E+00
   2035.0 0.00000E+00 0.00000E+00 0.00000E+00 0.00000E+00 0.00000E+00
   2045.0 0.00000E+00 0.00000E+00 0.00000E+00 0.00000E+00 0.00000E+00
   2055.0 0.00000E+00 0.00000E+00 0.00000E+00 0.00000E+00 0.00000E+00
   2065.0 0.00000E+00 0.00000E+00 0.00000E+00 0.00000E+00 0.00000E+00
   2074.0 0.00000E+00 0.00000E+00 0.00000E+00 0.00000E+00 0.00000E+00
   2078.0 0.00000E+00 0.00000E+00 0.00000E+00 0.00000E+00 0.00000E+00
   2085.0 0.00000E+00 0.00000E+00 0.00000E+00 0.00000E+00 0.00000E+00
   2095.0 0.00000E+00 0.00000E+00 0.00000E+00 0.00000E+00 0.00000E+00
   2105.0 0.00000E+00 0.00000E+00 0.00000E+00 0.00000E+00 0.00000E+00
   2115.0 0.00000E+00 0.00000E+00 0.00000E+00 0.00000E+00 0.00000E+00
   2125.0 0.00000E+00 0.00000E+00 0.00000E+00 0.00000E+00 0.00000E+00
   2135.0 0.00000E+00 0.00000E+00 0.00000E+00 0.00000E+00 0.00000E+00
   2145.0 0.00000E+00 0.00000E+00 0.00000E+00 0.00000E+00 0.00000E+00
   2155.0 0.00000E+00 0.00000E+00 0.00000E+00 0.00000E+00 0.00000E+00
   2165.0 0.00000E+00 0.00000E+00 0.00000E+00 0.00000E+00 0.00000E+00
   2175.0 0.00000E+00 0.00000E+00 0.00000E+00 0.00000E+00 0.00000E+00
   2185.0 0.00000E+00 0.00000E+00 0.00000E+00 0.00000E+00 0.00000E+00
   2195.0 0.00000E+00 0.00000E+00 0.00000E+00 0.00000E+00 0.00000E+00
   2205.0 0.00000E+00 0.00000E+00 0.00000E+00 0.00000E+00 0.00000E+00
   2215.0 0.00000E+00 0.00000E+00 0.00000E+00 0.00000E+00 0.00000E+00
   2225.0 0.00000E+00 0.00000E+00 0.00000E+00 0.00000E+00 0.00000E+00
   2235.0 0.00000E+00 0.00000E+00 0.00000E+00 0.00000E+00 0.00000E+00
   2245.0 0.00000E+00 0.00000E+00 0.00000E+00 0.00000E+00 0.00000E+00
   2255.0 0.00000E+00 0.00000E+00 0.00000E+00 0.00000E+00 0.00000E+00
   2265.0 0.00000E+00 0.00000E+00 0.00000E+00 0.00000E+00 0.00000E+00
   2275.0 0.00000E+00 0.00000E+00 0.00000E+00 0.00000E+00 0.00000E+00
   2285.0 0.00000E+00 0.00000E+00 0.00000E+00 0.00000E+00 0.00000E+00
   2295.0 0.00000E+00 0.00000E+00 0.00000E+00 0.00000E+00 0.00000E+00
   2305.0 0.00000E+00 0.00000E+00 0.00000E+00 0.00000E+00 0.00000E+00
   2315.0 0.00000E+00 0.00000E+00 0.00000E+00 0.00000E+00 0.00000E+00
   2325.0 0.00000E+00 0.00000E+00 0.00000E+00 0.00000E+00 0.00000E+00
   2335.0 0.00000E+00 0.00000E+00 0.00000E+00 0.00000E+00 0.00000E+00
   2345.0 0.00000E+00 0.00000E+00 0.00000E+00 0.00000E+00 0.00000E+00
   2355.0 0.00000E+00 0.00000E+00 0.00000E+00 0.00000E+00 0.00000E+00
   2365.0 0.00000E+00 0.00000E+00 0.00000E+00 0.00000E+00 0.00000E+00
   2375.0 0.00000E+00 0.00000E+00 0.00000E+00 0.00000E+00 0.00000E+00
   2385.0 0.00000E+00 0.00000E+00 0.00000E+00 0.00000E+00 0.00000E+00
   2395.0 0.00000E+00 0.00000E+00 0.00000E+00 0.00000E+00 0.00000E+00
   2405.0 0.00000E+00 0.00000E+00 0.00000E+00 0.00000E+00 0.00000E+00
   2415.0 0.00000E+00 0.00000E+00 0.00000E+00 0.00000E+00 0.00000E+00
   2425.0 0.00000E+00 0.00000E+00 0.00000E+00 0.00000E+00 0.00000E+00
   2435.0 0.00000E+00 0.00000E+00 0.00000E+00 0.00000E+00 0.00000E+00
   2445.0 0.00000E+00 0.00000E+00 0.00000E+00 0.00000E+00 0.00000E+00
   2455.0 0.00000E+00 0.00000E+00 0.00000E+00 0.00000E+00 0.00000E+00
   2465.0 0.00000E+00 0.00000E+00 0.00000E+00 0.00000E+00 0.00000E+00
   2475.0 0.00000E+00 0.00000E+00 0.00000E+00 0.00000E+00 0.00000E+00
   2485.0 0.00000E+00 0.00000E+00 0.00000E+00 0.00000E+00 0.00000E+00
   2495.0 0.00000E+00 0.00000E+00 0.00000E+00 0.00000E+00 0.00000E+00
   2505.0 0.00000E+00 0.00000E+00 0.00000E+00 0.00000E+00 0.00000E+00
   2513.0 0.00000E+00 0.00000E+00 0.00000E+00 0.00000E+00 0.00000E+00
   2518.0 0.00000E+00 0.00000E+00 0.00000E+00 0.00000E+00 0.00000E+00
   2525.0 0.00000E+00 0.00000E+00 0.00000E+00 0.00000E+00 0.00000E+00
   2535.0 0.00000E+00 0.00000E+00 0.00000E+00 0.00000E+00 0.00000E+00
   2545.0 0.00000E+00 0.00000E+00 0.00000E+00 0.00000E+00 0.00000E+00
   2555.0 0.00000E+00 0.00000E+00 0.00000E+00 0.00000E+00 0.00000E+00
   2565.0 0.00000E+00 0.00000E+00 0.00000E+00 0.00000E+00 0.00000E+00
   2575.0 0.00000E+00 0.00000E+00 0.00000E+00 0.00000E+00 0.00000E+00
   2585.0 0.00000E+00 0.00000E+00 0.00000E+00 0.00000E+00 0.00000E+00
   2595.0 0.00000E+00 0.00000E+00 0.00000E+00 0.00000E+00 0.00000E+00
   2605.0 0.00000E+00 0.00000E+00 0.00000E+00 0.00000E+00 0.00000E+00
   2615.0 0.00000E+00 0.00000E+00 0.00000E+00 0.00000E+00 0.00000E+00
   2625.0 0.00000E+00 0.00000E+00 0.00000E+00 0.00000E+00 0.00000E+00
   2635.0 0.00000E+00 0.00000E+00 0.00000E+00 0.00000E+00 0.00000E+00
   2645.0 0.00000E+00 0.00000E+00 0.00000E+00 0.00000E+00 0.00000E+00
   2655.0 0.00000E+00 0.00000E+00 0.00000E+00 0.00000E+00 0.00000E+00
   2665.0 0.00000E+00 0.00000E+00 0.00000E+00 0.00000E+00 0.00000E+00
   2675.0 0.00000E+00 0.00000E+00 0.00000E+00 0.00000E+00 0.00000E+00
   2685.0 0.00000E+00 0.00000E+00 0.00000E+00 0.00000E+00 0.00000E+00
   2695.0 0.00000E+00 0.00000E+00 0.00000E+00 0.00000E+00 0.00000E+00
   2705.0 0.00000E+00 0.00000E+00 0.00000E+00 0.00000E+00 0.00000E+00
   2715.0 0.00000E+00 0.00000E+00 0.00000E+00 0.00000E+00 0.00000E+00
   2725.0 0.00000E+00 0.00000E+00 0.00000E+00 0.00000E+00 0.00000E+00
   2735.0 0.00000E+00 0.00000E+00 0.00000E+00 0.00000E+00 0.00000E+00
   2745.0 0.00000E+00 0.00000E+00 0.00000E+00 0.00000E+00 0.00000E+00
   2755.0 0.00000E+00 0.00000E+00 0.00000E+00 0.00000E+00 0.00000E+00
   2765.0 0.00000E+00 0.00000E+00 0.00000E+00 0.00000E+00 0.00000E+00
   2775.0 0.00000E+00 0.00000E+00 0.00000E+00 0.00000E+00 0.00000E+00
   2785.0 0.00000E+00 0.00000E+00 0.00000E+00 0.00000E+00 0.00000E+00
   2795.0 0.00000E+00 0.00000E+00 0.00000E+00 0.00000E+00 0.00000E+00
   2805.0 0.00000E+00 0.00000E+00 0.00000E+00 0.00000E+00 0.00000E+00
   2815.0 0.00000E+00 0.00000E+00 0.00000E+00 0.00000E+00 0.00000E+00
   2825.0 0.00000E+00 0.00000E+00 0.00000E+00 0.00000E+00 0.00000E+00
   2835.0 0.00000E+00 0.00000E+00 0.00000E+00 0.00000E+00 0.00000E+00
   2845.0 0.00000E+00 0.00000E+00 0.00000E+00 0.00000E+00 0.00000E+00
   2855.0 0.00000E+00 0.00000E+00 0.00000E+00 0.00000E+00 0.00000E+00
   2865.0 0.00000E+00 0.00000E+00 0.00000E+00 0.00000E+00 0.00000E+00
   2875.0 0.00000E+00 0.00000E+00 0.00000E+00 0.00000E+00 0.00000E+00
   2885.0 0.00000E+00 0.00000E+00 0.00000E+00 0.00000E+00 0.00000E+00
   2895.0 0.00000E+00 0.00000E+00 0.00000E+00 0.00000E+00 0.00000E+00
   2910.0 0.00000E+00 0.00000E+00 0.00000E+00 0.00000E+00 0.00000E+00
   2930.0 0.00000E+00 0.00000E+00 0.00000E+00 0.00000E+00 0.00000E+00
   2950.0 0.00000E+00 0.00000E+00 0.00000E+00 0.00000E+00 0.00000E+00
   2970.0 0.00000E+00 0.00000E+00 0.00000E+00 0.00000E+00 0.00000E+00
   2990.0 0.00000E+00 0.00000E+00 0.00000E+00 0.00000E+00 0.00000E+00
   3010.0 0.00000E+00 0.00000E+00 0.00000E+00 0.00000E+00 0.00000E+00
   3030.0 0.00000E+00 0.00000E+00 0.00000E+00 0.00000E+00 0.00000E+00
   3050.0 0.00000E+00 0.00000E+00 0.00000E+00 0.00000E+00 0.00000E+00
   3070.0 0.00000E+00 0.00000E+00 0.00000E+00 0.00000E+00 0.00000E+00
   3090.0 0.00000E+00 0.00000E+00 0.00000E+00 0.00000E+00 0.00000E+00
   3110.0 0.00000E+00 0.00000E+00 0.00000E+00 0.00000E+00 0.00000E+00
   3130.0 0.00000E+00 0.00000E+00 0.00000E+00 0.00000E+00 0.00000E+00
   3150.0 0.00000E+00 0.00000E+00 0.00000E+00 0.00000E+00 0.00000E+00
   3170.0 0.00000E+00 0.00000E+00 0.00000E+00 0.00000E+00 0.00000E+00
   3190.0 0.00000E+00 0.00000E+00 0.00000E+00 0.00000E+00 0.00000E+00
   3210.0 0.00000E+00 0.00000E+00 0.00000E+00 0.00000E+00 0.00000E+00
   3230.0 0.00000E+00 0.00000E+00 0.00000E+00 0.00000E+00 0.00000E+00
   3250.0 0.00000E+00 0.00000E+00 0.00000E+00 0.00000E+00 0.00000E+00
   3270.0 0.00000E+00 0.00000E+00 0.00000E+00 0.00000E+00 0.00000E+00
   3290.0 0.00000E+00 0.00000E+00 0.00000E+00 0.00000E+00 0.00000E+00
   3310.0 0.00000E+00 0.00000E+00 0.00000E+00 0.00000E+00 0.00000E+00
   3330.0 0.00000E+00 0.00000E+00 0.00000E+00 0.00000E+00 0.00000E+00
   3350.0 0.00000E+00 0.00000E+00 0.00000E+00 0.00000E+00 0.00000E+00
   3370.0 0.00000E+00 0.00000E+00 0.00000E+00 0.00000E+00 0.00000E+00
   3390.0 0.00000E+00 0.00000E+00 0.00000E+00 0.00000E+00 0.00000E+00
   3410.0 0.00000E+00 0.00000E+00 0.00000E+00 0.00000E+00 0.00000E+00
   3430.0 0.00000E+00 0.00000E+00 0.00000E+00 0.00000E+00 0.00000E+00
   3450.0 0.00000E+00 0.00000E+00 0.00000E+00 0.00000E+00 0.00000E+00
   3470.0 0.00000E+00 0.00000E+00 0.00000E+00 0.00000E+00 0.00000E+00
   3490.0 0.00000E+00 0.00000E+00 0.00000E+00 0.00000E+00 0.00000E+00
   3510.0 6.66211E-10 3.23248E-09 8.14783E-09 1.08447E-08 2.75714E-08
   3530.0 1.99863E-09 9.69745E-09 2.44435E-08 3.25342E-08 8.27143E-08
   3550.0 3.33106E-09 1.61624E-08 4.07391E-08 5.42236E-08 1.37857E-07
   3570.0 4.66348E-09 2.26274E-08 5.70348E-08 7.59130E-08 1.93000E-07
   3590.0 5.99590E-09 2.90924E-08 7.33304E-08 9.76025E-08 2.48143E-07
   3610.0 7.32832E-09 3.55573E-08 8.96261E-08 1.19292E-07 3.03286E-07
   3630.0 8.66075E-09 4.20223E-08 1.05922E-07 1.40981E-07 3.58429E-07
   3640.0 9.32696E-09 4.52548E-08 1.14070E-07 1.51826E-07 3.86000E-07
   3650.0 9.99317E-09 4.84873E-08 1.22217E-07 1.62671E-07 4.13571E-07
   3670.0 1.13256E-08 5.49522E-08 1.38513E-07 1.84360E-07 4.68714E-07
   3690.0 1.26580E-08 6.14172E-08 1.54809E-07 2.06050E-07 5.23857E-07
   3710.0 1.39904E-08 6.78822E-08 1.71104E-07 2.27739E-07 5.79000E-07
   3730.0 1.53229E-08 7.43471E-08 1.87400E-07 2.49429E-07 6.34143E-07
   3750.0 1.66553E-08 8.08121E-08 2.03696E-07 2.71118E-07 6.89286E-07
   3770.0 1.79877E-08 8.72771E-08 2.19991E-07 2.92807E-07 7.44429E-07
   3790.0 1.93201E-08 9.37420E-08 2.36287E-07 3.14497E-07 7.99571E-07
   3810.0 2.06525E-08 1.00207E-07 2.52583E-07 3.36186E-07 8.54714E-07
   3830.0 2.19850E-08 1.06672E-07 2.68878E-07 3.57876E-07 9.09857E-07
   3850.0 2.33174E-08 1.13137E-07 2.85174E-07 3.79565E-07 9.65000E-07
   3870.0 2.46498E-08 1.19602E-07 3.01470E-07 4.01255E-07 1.02014E-06
   3890.0 2.59822E-08 1.26067E-07 3.17765E-07 4.22944E-07 1.07529E-06
   3910.0 2.73147E-08 1.32532E-07 3.34061E-07 4.44634E-07 1.13043E-06
   3930.0 2.86471E-08 1.38997E-07 3.50357E-07 4.66323E-07 1.18557E-06
   3950.0 2.99795E-08 1.45462E-07 3.66652E-07 4.88012E-07 1.24071E-06
   3970.0 3.13119E-08 1.51927E-07 3.82948E-07 5.09702E-07 1.29586E-06
   3990.0 3.26443E-08 1.58392E-07 3.99243E-07 5.31391E-07 1.35100E-06
   4010.0 3.39768E-08 1.64857E-07 4.15539E-07 5.53081E-07 1.40614E-06
   4030.0 3.53092E-08 1.71322E-07 4.31835E-07 5.74770E-07 1.46129E-06
   4050.0 3.66416E-08 1.77787E-07 4.48130E-07 5.96460E-07 1.51643E-06
   4070.0 3.79740E-08 1.84252E-07 4.64426E-07 6.18149E-07 1.57157E-06
   4090.0 3.93065E-08 1.90717E-07 4.80722E-07 6.39839E-07 1.62671E-06
   4110.0 4.06389E-08 1.97182E-07 4.97017E-07 6.61528E-07 1.68186E-06
   4130.0 4.19713E-08 2.03647E-07 5.13313E-07 6.83217E-07 1.73700E-06
   4150.0 4.33037E-08 2.10111E-07 5.29609E-07 7.04907E-07 1.79214E-06
   4170.0 4.46361E-08 2.16576E-07 5.45904E-07 7.26596E-07 1.84729E-06
   4190.0 4.59686E-08 2.23041E-07 5.62200E-07 7.48286E-07 1.90243E-06
   4210.0 4.73010E-08 2.29506E-07 5.78496E-07 7.69975E-07 1.95757E-06
   4230.0 4.86334E-08 2.35971E-07 5.94791E-07 7.91665E-07 2.01271E-06
   4250.0 4.99658E-08 2.42436E-07 6.11087E-07 8.13354E-07 2.06786E-06
   4270.0 5.12983E-08 2.48901E-07 6.27383E-07 8.35043E-07 2.12300E-06
   4290.0 5.26307E-08 2.55366E-07 6.43678E-07 8.56733E-07 2.17814E-06
   4310.0 5.39631E-08 2.61831E-07 6.59974E-07 8.78422E-07 2.23329E-06
   4330.0 5.52955E-08 2.68296E-07 6.76270E-07 9.00112E-07 2.28843E-06
   4350.0 5.66280E-08 2.74761E-07 6.92565E-07 9.21801E-07 2.34357E-06
   4370.0 5.79604E-08 2.81226E-07 7.08861E-07 9.43491E-07 2.39871E-06
   4390.0 5.92928E-08 2.87691E-07 7.25157E-07 9.65180E-07 2.45386E-06
   4410.0 6.06252E-08 2.94156E-07 7.41452E-07 9.86870E-07 2.50900E-06
   4430.0 6.19576E-08 3.00621E-07 7.57748E-07 1.00856E-06 2.56414E-06
   4450.0 6.32901E-08 3.07086E-07 7.74043E-07 1.03025E-06 2.61929E-06
   4470.0 6.46225E-08 3.13551E-07 7.90339E-07 1.05194E-06 2.67443E-06
   4490.0 6.59549E-08 3.20016E-07 8.06635E-07 1.07363E-06 2.72957E-06
   4510.0 6.72873E-08 3.26481E-07 8.22930E-07 1.09532E-06 2.78471E-06
   4530.0 6.86198E-08 3.32946E-07 8.39226E-07 1.11701E-06 2.83986E-06
   4550.0 6.99522E-08 3.39411E-07 8.55522E-07 1.13870E-06 2.89500E-06
   4570.0 7.12846E-08 3.45876E-07 8.71817E-07 1.16039E-06 2.95014E-06
   4590.0 7.26170E-08 3.52341E-07 8.88113E-07 1.18207E-06 3.00529E-06
   4610.0 7.39494E-08 3.58806E-07 9.04409E-07 1.20376E-06 3.06043E-06
   4630.0 7.52819E-08 3.65271E-07 9.20704E-07 1.22545E-06 3.11557E-06
   4650.0 7.66143E-08 3.71736E-07 9.37000E-07 1.24714E-06 3.17071E-06
   4670.0 7.79467E-08 3.78201E-07 9.53296E-07 1.26883E-06 3.22586E-06
   4690.0 7.92791E-08 3.84666E-07 9.69591E-07 1.29052E-06 3.28100E-06
   4710.0 8.06116E-08 3.91131E-07 9.85887E-07 1.31221E-06 3.33614E-06
   4730.0 8.19440E-08 3.97596E-07 1.00218E-06 1.33390E-06 3.39129E-06
   4750.0 8.32764E-08 4.04061E-07 1.01848E-06 1.35559E-06 3.44643E-06
   4770.0 8.46088E-08 4.10526E-07 1.03477E-06 1.37728E-06 3.50157E-06
   4790.0 8.59412E-08 4.16990E-07 1.05107E-06 1.39897E-06 3.55671E-06
   4810.0 8.72737E-08 4.23455E-07 1.06737E-06 1.42066E-06 3.61186E-06
   4830.0 8.86061E-08 4.29920E-07 1.08366E-06 1.44235E-06 3.66700E-06
   4850.0 8.99385E-08 4.36385E-07 1.09996E-06 1.46404E-06 3.72214E-06
   4870.0 9.12709E-08 4.42850E-07 1.11625E-06 1.48573E-06 3.77729E-06
   4890.0 9.26034E-08 4.49315E-07 1.13255E-06 1.50742E-06 3.83243E-06
   4910.0 9.39358E-08 4.55780E-07 1.14884E-06 1.52911E-06 3.88757E-06
   4930.0 9.52682E-08 4.62245E-07 1.16514E-06 1.55080E-06 3.94271E-06
   4950.0 9.66006E-08 4.68710E-07 1.18143E-06 1.57248E-06 3.99786E-06
   4970.0 9.79330E-08 4.75175E-07 1.19773E-06 1.59417E-06 4.05300E-06
   4990.0 9.92655E-08 4.81640E-07 1.21403E-06 1.61586E-06 4.10814E-06
   5010.0 1.00598E-07 4.88105E-07 1.23032E-06 1.63755E-06 4.16329E-06
   5030.0 1.01930E-07 4.94570E-07 1.24662E-06 1.65924E-06 4.21843E-06
   5050.0 1.03263E-07 5.01035E-07 1.26291E-06 1.68093E-06 4.27357E-06
   5070.0 1.04595E-07 5.07500E-07 1.27921E-06 1.70262E-06 4.32871E-06
   5090.0 1.05928E-07 5.13965E-07 1.29550E-06 1.72431E-06 4.38386E-06
   5110.0 1.07260E-07 5.20430E-07 1.31180E-06 1.74600E-06 4.43900E-06
   5130.0 1.13580E-07 5.17050E-07 1.27160E-06 1.72030E-06 4.09940E-06
   5150.0 1.34820E-07 5.64300E-07 1.35810E-06 2.05400E-06 4.81190E-06
   5170.0 1.68360E-07 7.47230E-07 1.85540E-06 3.42210E-06 7.50770E-06
   5190.0 1.87890E-07 1.05700E-06 2.83540E-06 5.45250E-06 1.16550E-05
   5210.0 1.94950E-07 1.29050E-06 3.60590E-06 6.85880E-06 1.46030E-05
   5230.0 2.08530E-07 1.40430E-06 3.94620E-06 7.58840E-06 1.56970E-05
   5250.0 2.36500E-07 1.49480E-06 4.12710E-06 7.59570E-06 1.55620E-05
   5270.0 2.60960E-07 1.50760E-06 4.06790E-06 7.26950E-06 1.47750E-05
   5290.0 2.85180E-07 1.57310E-06 4.18760E-06 7.27030E-06 1.49300E-05
   5310.0 3.03410E-07 1.71120E-06 4.58200E-06 7.71360E-06 1.57450E-05
   5330.0 3.29030E-07 1.85220E-06 4.96100E-06 8.15040E-06 1.65180E-05
   5350.0 3.51560E-07 1.94930E-06 5.19230E-06 8.10560E-06 1.66850E-05
   5370.0 3.68880E-07 1.95280E-06 5.10850E-06 7.61940E-06 1.59940E-05
   5390.0 3.72670E-07 1.90690E-06 4.92310E-06 6.98200E-06 1.47520E-05
   5410.0 3.77520E-07 1.85360E-06 5.79790E-06 7.64020E-06 1.38980E-05
   5430.0 3.86550E-07 1.87310E-06 5.68290E-06 7.51970E-06 1.35040E-05
   5450.0 3.81110E-07 1.85670E-06 5.59270E-06 7.41990E-06 1.30590E-05
   5470.0 3.79750E-07 1.81480E-06 5.44610E-06 7.07450E-06 1.22020E-05
   5490.0 3.89820E-07 1.75450E-06 5.10950E-06 6.52890E-06 1.13820E-05
   5510.0 4.08550E-07 1.73770E-06 4.89010E-06 6.18830E-06 1.09740E-05
   5530.0 4.26900E-07 1.77520E-06 4.95570E-06 6.16430E-06 1.10840E-05
   5550.0 4.51610E-07 1.82810E-06 4.98280E-06 6.25520E-06 1.12320E-05
   5570.0 4.73430E-07 1.88950E-06 5.13370E-06 6.29660E-06 1.14950E-05
   5590.0 5.10260E-07 1.98720E-06 5.26950E-06 6.80600E-06 1.20500E-05
   5610.0 5.42340E-07 2.06830E-06 5.64020E-06 7.34970E-06 1.22570E-05
   5630.0 6.10510E-07 2.19470E-06 5.75180E-06 8.04420E-06 1.34720E-05
   5650.0 8.56160E-07 3.06250E-06 7.71900E-06 1.20910E-05 1.92450E-05
   5670.0 1.11030E-06 4.07640E-06 1.13310E-05 1.70870E-05 2.43910E-05
   5690.0 1.23640E-06 4.54930E-06 1.29920E-05 1.93510E-05 2.62220E-05
   5710.0 1.28600E-06 4.68940E-06 1.33060E-05 2.00130E-05 2.67890E-05
   5730.0 1.20280E-06 4.35340E-06 1.26950E-05 1.82680E-05 2.45170E-05
   5750.0 1.09210E-06 3.80920E-06 1.06700E-05 1.50300E-05 2.16970E-05
   5770.0 1.10410E-06 3.79860E-06 1.00610E-05 1.41900E-05 2.17240E-05
   5790.0 1.20810E-06 4.16300E-06 1.09610E-05 1.52530E-05 2.33980E-05
   5810.0 1.33030E-06 4.60710E-06 1.20940E-05 1.68200E-05 2.54840E-05
   5830.0 1.41350E-06 4.90130E-06 1.29090E-05 1.77940E-05 2.67080E-05
   5850.0 1.37800E-06 4.68990E-06 1.24140E-05 1.70880E-05 2.53700E-05
   5870.0 1.17670E-06 3.89120E-06 1.03570E-05 1.45790E-05 2.16010E-05
   5890.0 9.06640E-07 2.99670E-06 8.17280E-06 1.23390E-05 1.84960E-05
   5910.0 8.99050E-07 3.04930E-06 8.11210E-06 1.19510E-05 1.91950E-05
   5930.0 1.13630E-06 3.84240E-06 9.82630E-06 1.33840E-05 2.13280E-05
   5950.0 1.29470E-06 4.35660E-06 1.09240E-05 1.41190E-05 2.27770E-05
   5970.0 1.39680E-06 4.64390E-06 1.14370E-05 1.44640E-05 2.35380E-05
   5990.0 1.37540E-06 4.53730E-06 1.12530E-05 1.40950E-05 2.24870E-05
   6010.0 1.31810E-06 4.33520E-06 1.05730E-05 1.32840E-05 2.15260E-05
   6030.0 1.37420E-06 4.54640E-06 1.10730E-05 1.39870E-05 2.25760E-05
   6050.0 1.48200E-06 4.91970E-06 1.20230E-05 1.47910E-05 2.41120E-05
   6070.0 1.66160E-06 5.45910E-06 1.30610E-05 1.68200E-05 2.64280E-05
   6090.0 1.78790E-06 5.83200E-06 1.44480E-05 1.82270E-05 2.71520E-05
   6110.0 1.72190E-06 5.55710E-06 1.35870E-05 1.70930E-05 2.60970E-05
   6130.0 1.75770E-06 5.59370E-06 1.33950E-05 1.76440E-05 2.65150E-05
   6150.0 1.83190E-06 5.75730E-06 1.40560E-05 1.80410E-05 2.65060E-05
   6170.0 1.82650E-06 5.64630E-06 1.34240E-05 1.72880E-05 2.61760E-05
   6190.0 1.85800E-06 5.61150E-06 1.31320E-05 1.79520E-05 2.59600E-05
   6210.0 1.97440E-06 5.74510E-06 1.35800E-05 1.92980E-05 2.50870E-05
   6230.0 2.02670E-06 5.82560E-06 1.36320E-05 1.94650E-05 2.51360E-05
   6250.0 2.11010E-06 6.15870E-06 1.47060E-05 2.11740E-05 2.63790E-05
   6270.0 2.14900E-06 6.35020E-06 1.53770E-05 2.19050E-05 2.72640E-05
   6290.0 2.27560E-06 6.74200E-06 1.61610E-05 2.27250E-05 2.92410E-05
   6310.0 2.36130E-06 6.95810E-06 1.65850E-05 2.31000E-05 2.97640E-05
   6330.0 2.37120E-06 6.80720E-06 1.60060E-05 2.22810E-05 2.81020E-05
   6350.0 2.25840E-06 6.36480E-06 1.47190E-05 2.01090E-05 2.58030E-05
   6370.0 2.25650E-06 6.35180E-06 1.43130E-05 1.95420E-05 2.60550E-05
   6390.0 2.37970E-06 6.80320E-06 1.55320E-05 2.09250E-05 2.77580E-05
   6410.0 2.48750E-06 7.24290E-06 1.65910E-05 2.17580E-05 2.90060E-05
   6430.0 2.53120E-06 7.40410E-06 1.69250E-05 2.23020E-05 3.00610E-05
   6450.0 2.60020E-06 7.57490E-06 1.73210E-05 2.30230E-05 3.04680E-05
   6470.0 2.60200E-06 7.44820E-06 1.69510E-05 2.22810E-05 2.90170E-05
   6490.0 2.53980E-06 7.11340E-06 1.57450E-05 2.03250E-05 2.66310E-05
   6510.0 2.51130E-06 7.10090E-06 1.54920E-05 1.96080E-05 2.66600E-05
   6530.0 2.73630E-06 7.87100E-06 1.73650E-05 2.21850E-05 2.99260E-05
   6550.0 2.92050E-06 8.39580E-06 1.87680E-05 2.38160E-05 3.29180E-05
   6570.0 2.97180E-06 8.62280E-06 1.94560E-05 2.46960E-05 3.40270E-05
   6590.0 3.03170E-06 8.91900E-06 2.01050E-05 2.56440E-05 3.43560E-05
   6610.0 3.26480E-06 9.51960E-06 2.14030E-05 2.76280E-05 3.60030E-05
   6630.0 3.32580E-06 9.43190E-06 2.10770E-05 2.71030E-05 3.49030E-05
   6650.0 3.16400E-06 8.86310E-06 1.94800E-05 2.48030E-05 3.24940E-05
   6670.0 3.15810E-06 8.98060E-06 1.96440E-05 2.48830E-05 3.32500E-05
   6690.0 3.44800E-06 9.95850E-06 2.19840E-05 2.83770E-05 3.70550E-05
   6710.0 3.76480E-06 1.08490E-05 2.42990E-05 3.12770E-05 3.98940E-05
   6730.0 3.93470E-06 1.13320E-05 2.53390E-05 3.22350E-05 4.12450E-05
   6750.0 4.02040E-06 1.16170E-05 2.58460E-05 3.29360E-05 4.29010E-05
   6770.0 4.26480E-06 1.21220E-05 2.68630E-05 3.57420E-05 4.47910E-05
   6790.0 4.38450E-06 1.21850E-05 2.70200E-05 3.56620E-05 4.41340E-05
   6810.0 4.30520E-06 1.18990E-05 2.61210E-05 3.47590E-05 4.33080E-05
   6830.0 4.30840E-06 1.19000E-05 2.60900E-05 3.51000E-05 4.37860E-05
   6850.0 4.56140E-06 1.26140E-05 2.76380E-05 3.80500E-05 4.56680E-05
   6870.0 5.15730E-06 1.40060E-05 3.06770E-05 4.40100E-05 5.12490E-05
   6890.0 5.36270E-06 1.42060E-05 3.19060E-05 4.55140E-05 5.20640E-05
   6910.0 4.67000E-06 1.20500E-05 2.66890E-05 3.71320E-05 4.30550E-05
   6930.0 3.78120E-06 9.62330E-06 2.04690E-05 2.75260E-05 3.30370E-05
   6950.0 3.23590E-06 8.31050E-06 1.71790E-05 2.23210E-05 2.75450E-05
   6970.0 3.22330E-06 8.47100E-06 1.73710E-05 2.30390E-05 2.82800E-05
   6990.0 3.37680E-06 8.97000E-06 1.88600E-05 2.51400E-05 2.96560E-05
   7010.0 3.58900E-06 9.74520E-06 2.07010E-05 2.72480E-05 3.21630E-05
   7030.0 4.07590E-06 1.11990E-05 2.39140E-05 3.10720E-05 3.68970E-05
   7050.0 4.47440E-06 1.20220E-05 2.57060E-05 3.43220E-05 3.95100E-05
   7070.0 4.22840E-06 1.09230E-05 2.32280E-05 3.06890E-05 3.47250E-05
   7090.0 3.52260E-06 8.92990E-06 1.81960E-05 2.35160E-05 2.77760E-05
   7110.0 3.18250E-06 8.14050E-06 1.64540E-05 2.05810E-05 2.46830E-05
   7130.0 3.21480E-06 8.43400E-06 1.69370E-05 2.13750E-05 2.59780E-05
   7150.0 3.52560E-06 9.36930E-06 1.93140E-05 2.47720E-05 2.84520E-05
   7170.0 3.92360E-06 1.03830E-05 2.13640E-05 2.73890E-05 3.13060E-05
   7190.0 4.35590E-06 1.15400E-05 2.38150E-05 3.03680E-05 3.62280E-05
   7210.0 4.64270E-06 1.24050E-05 2.58020E-05 3.33810E-05 3.93110E-05
   7230.0 4.79040E-06 1.24090E-05 2.56060E-05 3.31770E-05 3.79320E-05
   7250.0 4.45160E-06 1.12880E-05 2.27860E-05 2.88930E-05 3.42240E-05
   7270.0 4.14930E-06 1.05710E-05 2.11150E-05 2.60810E-05 3.16030E-05
   7290.0 4.09860E-06 1.06630E-05 2.12530E-05 2.62380E-05 3.21020E-05
   7310.0 4.37640E-06 1.14440E-05 2.31750E-05 2.91130E-05 3.44810E-05
   7330.0 4.56410E-06 1.19240E-05 2.42760E-05 3.07900E-05 3.55800E-05
   7350.0 4.76630E-06 1.26840E-05 2.61630E-05 3.31180E-05 3.82540E-05
   7370.0 5.12850E-06 1.37750E-05 2.86110E-05 3.60940E-05 4.12210E-05
   7390.0 5.54730E-06 1.48050E-05 3.05390E-05 3.84940E-05 4.44170E-05
   7410.0 5.79500E-06 1.52120E-05 3.15650E-05 3.99230E-05 4.51360E-05
   7430.0 5.59780E-06 1.44670E-05 2.94110E-05 3.71660E-05 4.27140E-05
   7450.0 5.38700E-06 1.39380E-05 2.81460E-05 3.52760E-05 4.06530E-05
   7470.0 5.37520E-06 1.40590E-05 2.84270E-05 3.53190E-05 4.05880E-05
   7490.0 5.66940E-06 1.51710E-05 3.10850E-05 3.86320E-05 4.44280E-05
   7510.0 6.13420E-06 1.64870E-05 3.42280E-05 4.25280E-05 4.83330E-05
   7530.0 6.39450E-06 1.72680E-05 3.60200E-05 4.53340E-05 5.11230E-05
   7550.0 6.75660E-06 1.81540E-05 3.79790E-05 4.86380E-05 5.35620E-05
   7570.0 7.00610E-06 1.83990E-05 3.79570E-05 4.87780E-05 5.19070E-05
   7590.0 7.26610E-06 1.84030E-05 3.69170E-05 4.68490E-05 5.02910E-05
   7610.0 7.33090E-06 1.91090E-05 3.87080E-05 4.73540E-05 5.77640E-05
   7630.0 7.25590E-06 1.91960E-05 3.94970E-05 4.74760E-05 6.07790E-05
   7650.0 7.31480E-06 1.93630E-05 3.99890E-05 4.87260E-05 5.90500E-05
   7670.0 7.39820E-06 1.97220E-05 4.05840E-05 5.06350E-05 5.87580E-05
   7690.0 7.84670E-06 2.05290E-05 4.23210E-05 5.33820E-05 5.93060E-05
   7710.0 7.79410E-06 2.05620E-05 4.24370E-05 5.29240E-05 5.88490E-05
   7730.0 7.62880E-06 2.05540E-05 4.29260E-05 5.33340E-05 5.93810E-05
   7750.0 7.88750E-06 2.13710E-05 4.49030E-05 5.62180E-05 6.20550E-05
   7770.0 8.11990E-06 2.20040E-05 4.64040E-05 5.84970E-05 6.43750E-05
   7790.0 8.41500E-06 2.26300E-05 4.76770E-05 6.00720E-05 6.55660E-05
   7810.0 8.47260E-06 2.25390E-05 4.71010E-05 5.95800E-05 6.52410E-05
   7830.0 8.06650E-06 2.09490E-05 4.33490E-05 5.53810E-05 6.01930E-05
   7850.0 7.09670E-06 1.78370E-05 3.56680E-05 4.52120E-05 4.97150E-05
   7870.0 6.15150E-06 1.50090E-05 2.89960E-05 3.60280E-05 4.04110E-05
   7890.0 5.20980E-06 1.25610E-05 2.37610E-05 2.92380E-05 3.30590E-05
   7910.0 4.44550E-06 1.09770E-05 2.09950E-05 2.54080E-05 2.90870E-05
   7930.0 4.20420E-06 1.04890E-05 2.00300E-05 2.39980E-05 2.73270E-05
   7950.0 4.32750E-06 1.12260E-05 2.17940E-05 2.62980E-05 2.93900E-05
   7970.0 4.95420E-06 1.32820E-05 2.68830E-05 3.24690E-05 3.57270E-05
   7990.0 5.59930E-06 1.48420E-05 3.02750E-05 3.65400E-05 3.99280E-05
   8010.0 5.84990E-06 1.54650E-05 3.12780E-05 3.79340E-05 4.20410E-05
   8030.0 6.04720E-06 1.55210E-05 3.11890E-05 3.80010E-05 4.15790E-05
   8050.0 5.64170E-06 1.38520E-05 2.67470E-05 3.25640E-05 3.63070E-05
   8070.0 5.05080E-06 1.20940E-05 2.24150E-05 2.64350E-05 3.03520E-05
   8090.0 4.54390E-06 1.08730E-05 1.98090E-05 2.31720E-05 2.63460E-05
   8110.0 4.45260E-06 1.09030E-05 1.99970E-05 2.36550E-05 2.64950E-05
   8130.0 4.66430E-06 1.15250E-05 2.15880E-05 2.56820E-05 2.83510E-05
   8150.0 4.90800E-06 1.23710E-05 2.35810E-05 2.81210E-05 3.09700E-05
   8170.0 5.35280E-06 1.38140E-05 2.69580E-05 3.21940E-05 3.53430E-05
   8190.0 5.86370E-06 1.52780E-05 3.07480E-05 3.71080E-05 3.96320E-05
   8210.0 6.18080E-06 1.59340E-05 3.15010E-05 3.80630E-05 4.14750E-05
   8230.0 6.53950E-06 1.66170E-05 3.26280E-05 4.01180E-05 4.41880E-05
   8250.0 6.46590E-06 1.61360E-05 3.13850E-05 3.83370E-05 4.15780E-05
   8270.0 6.27290E-06 1.55860E-05 2.99220E-05 3.62670E-05 3.97540E-05
   8290.0 6.08470E-06 1.48520E-05 2.82880E-05 3.41480E-05 3.72020E-05
   8310.0 5.87220E-06 1.46440E-05 2.77230E-05 3.27810E-05 3.62360E-05
   8330.0 6.04340E-06 1.53610E-05 2.98020E-05 3.57720E-05 3.85330E-05
   8350.0 6.33510E-06 1.60960E-05 3.14610E-05 3.79950E-05 4.08150E-05
   8370.0 6.65410E-06 1.71320E-05 3.38370E-05 4.10840E-05 4.33900E-05
   8390.0 7.02450E-06 1.81890E-05 3.63170E-05 4.38400E-05 4.61120E-05
   8410.0 7.33890E-06 1.90110E-05 3.80100E-05 4.64120E-05 4.85940E-05
   8430.0 7.56680E-06 1.95980E-05 3.93850E-05 4.79790E-05 5.02750E-05
   8450.0 7.66230E-06 1.97990E-05 3.96890E-05 4.82690E-05 5.12030E-05
   8470.0 7.74440E-06 1.96900E-05 3.90460E-05 4.76160E-05 5.05340E-05
   8490.0 7.59910E-06 1.88670E-05 3.64530E-05 4.44850E-05 4.80740E-05
   8510.0 7.46530E-06 1.82660E-05 3.48970E-05 4.27880E-05 4.53170E-05
   8530.0 7.35430E-06 1.81180E-05 3.41880E-05 4.12240E-05 4.42640E-05
   8550.0 7.64720E-06 1.95460E-05 3.78380E-05 4.58870E-05 4.86730E-05
   8570.0 8.17220E-06 2.08790E-05 4.12520E-05 5.02180E-05 5.27670E-05
   8590.0 8.39620E-06 2.17310E-05 4.33340E-05 5.27420E-05 5.52790E-05
   8610.0 8.57910E-06 2.21040E-05 4.43060E-05 5.46810E-05 5.72810E-05
   8630.0 8.81960E-06 2.26680E-05 4.54680E-05 5.63540E-05 5.91700E-05
   8650.0 8.94520E-06 2.27640E-05 4.52850E-05 5.60810E-05 5.84310E-05
   8670.0 8.90000E-06 2.30720E-05 4.60360E-05 5.62560E-05 5.89390E-05
   8690.0 9.24640E-06 2.40700E-05 4.85290E-05 5.96350E-05 6.17660E-05
   8710.0 9.45620E-06 2.44280E-05 4.91370E-05 6.03640E-05 6.34980E-05
   8730.0 9.47490E-06 2.42010E-05 4.84340E-05 5.96690E-05 6.28320E-05
   8750.0 8.94510E-06 2.30480E-05 4.60670E-05 5.47080E-05 5.83870E-05
   8770.0 8.85070E-06 2.30390E-05 4.55770E-05 5.44750E-05 5.91320E-05
   8790.0 9.12170E-06 2.38530E-05 4.80870E-05 5.83640E-05 6.17890E-05
   8810.0 9.19940E-06 2.40840E-05 4.86380E-05 5.80110E-05 6.24360E-05
   8830.0 9.37290E-06 2.46910E-05 4.97390E-05 5.89410E-05 6.49370E-05
   8850.0 9.35390E-06 2.49180E-05 5.07910E-05 5.92820E-05 6.61610E-05
   8870.0 9.23440E-06 2.48830E-05 5.08350E-05 5.87760E-05 6.55410E-05
   8890.0 9.63800E-06 2.58990E-05 5.27560E-05 6.20510E-05 6.85530E-05
   8910.0 9.93020E-06 2.66760E-05 5.47690E-05 6.51350E-05 6.99790E-05
   8930.0 1.01300E-05 2.71370E-05 5.56500E-05 6.61980E-05 7.04290E-05
   8950.0 1.03500E-05 2.76550E-05 5.66950E-05 6.75230E-05 7.21110E-05
   8970.0 1.03570E-05 2.76830E-05 5.70520E-05 6.79190E-05 7.20790E-05
   8990.0 1.02600E-05 2.73660E-05 5.59370E-05 6.59500E-05 7.20330E-05
   9010.0 1.01040E-05 2.72910E-05 5.63090E-05 6.58450E-05 7.23730E-05
   9030.0 1.02100E-05 2.78290E-05 5.75880E-05 6.66740E-05 7.32220E-05
   9050.0 1.01790E-05 2.74720E-05 5.65970E-05 6.47930E-05 7.10050E-05
   9070.0 1.02680E-05 2.74280E-05 5.55510E-05 6.35100E-05 7.22750E-05
   9090.0 1.01590E-05 2.67530E-05 5.40310E-05 6.32150E-05 7.10810E-05
   9110.0 9.32270E-06 2.37230E-05 4.67080E-05 5.56690E-05 6.08850E-05
   9130.0 8.83160E-06 2.12910E-05 3.96070E-05 4.58570E-05 5.16570E-05
   9150.0 7.89520E-06 1.82640E-05 3.23800E-05 3.71660E-05 4.17950E-05
   9170.0 7.03130E-06 1.59030E-05 2.73000E-05 3.23710E-05 3.51400E-05
   9190.0 6.26540E-06 1.42620E-05 2.40460E-05 2.84820E-05 3.08650E-05
   9210.0 6.00910E-06 1.40050E-05 2.40340E-05 2.77520E-05 3.10120E-05
   9230.0 6.15660E-06 1.50050E-05 2.69800E-05 3.11570E-05 3.40350E-05
   9250.0 6.56090E-06 1.59800E-05 2.90100E-05 3.35960E-05 3.65460E-05
   9270.0 6.81820E-06 1.64810E-05 2.99040E-05 3.40620E-05 3.72330E-05
   9290.0 6.90550E-06 1.67040E-05 2.98210E-05 3.35780E-05 3.83320E-05
   9310.0 7.39770E-06 1.76100E-05 3.14360E-05 3.43660E-05 3.80280E-05
   9330.0 7.60310E-06 1.80290E-05 3.16710E-05 3.44120E-05 3.82350E-05
   9350.0 7.38930E-06 1.73350E-05 3.03110E-05 3.26340E-05 3.76670E-05
   9370.0 7.78560E-06 1.78180E-05 2.97050E-05 3.26490E-05 3.84210E-05
   9390.0 7.70890E-06 1.73590E-05 2.82090E-05 3.15520E-05 3.67910E-05
   9410.0 7.41410E-06 1.61570E-05 2.52500E-05 2.94570E-05 3.25470E-05
   9430.0 7.02350E-06 1.54780E-05 2.46950E-05 2.87570E-05 3.18720E-05
   9450.0 7.22480E-06 1.61310E-05 2.62240E-05 3.03410E-05 3.28590E-05
   9470.0 7.67850E-06 1.76320E-05 2.95120E-05 3.33140E-05 3.77450E-05
   9490.0 8.30300E-06 1.96450E-05 3.42370E-05 3.94200E-05 4.49500E-05
   9510.0 8.61980E-06 2.06350E-05 3.67590E-05 4.10670E-05 4.66680E-05
   9530.0 9.10810E-06 2.18720E-05 3.85860E-05 4.32520E-05 4.92890E-05
   9550.0 9.02390E-06 2.17350E-05 3.90030E-05 4.45520E-05 4.83530E-05
   9570.0 9.17430E-06 2.19420E-05 3.89710E-05 4.45420E-05 4.81870E-05
   9590.0 9.06580E-06 2.12740E-05 3.73930E-05 4.30840E-05 4.61880E-05
   9610.0 9.09440E-06 2.14940E-05 3.81220E-05 4.47220E-05 4.82020E-05
   9630.0 9.28050E-06 2.15460E-05 3.77590E-05 4.46470E-05 4.76830E-05
   9650.0 9.17530E-06 2.07160E-05 3.52670E-05 4.10400E-05 4.44920E-05
   9670.0 8.87390E-06 1.99740E-05 3.35930E-05 3.94620E-05 4.27440E-05
   9690.0 8.68960E-06 1.95760E-05 3.28560E-05 3.78120E-05 3.98400E-05
   9710.0 8.56410E-06 1.95030E-05 3.19060E-05 3.93980E-05 4.00800E-05
   9730.0 8.75940E-06 1.97830E-05 3.36180E-05 3.96930E-05 4.11060E-05
   9750.0 8.90800E-06 2.06490E-05 3.53860E-05 4.13960E-05 4.30230E-05
   9770.0 9.05620E-06 2.12140E-05 3.70740E-05 4.29040E-05 4.51530E-05
   9790.0 9.05540E-06 2.12340E-05 3.71160E-05 4.32140E-05 4.47970E-05
   9810.0 9.40630E-06 2.26890E-05 4.04660E-05 4.61630E-05 4.86350E-05
   9830.0 9.61160E-06 2.38180E-05 4.27940E-05 4.92640E-05 5.11990E-05
   9850.0 9.78500E-06 2.36380E-05 4.46680E-05 5.15360E-05 5.31990E-05
   9870.0 9.98220E-06 2.53660E-05 4.71470E-05 5.43400E-05 5.53460E-05
   9890.0 1.00120E-05 2.50300E-05 4.70440E-05 5.46540E-05 5.58450E-05
   9910.0 9.82990E-06 2.48280E-05 4.48570E-05 5.17710E-05 5.19060E-05
   9930.0 9.92560E-06 2.43320E-05 4.53950E-05 5.29050E-05 5.26450E-05
   9950.0 1.00600E-05 2.46210E-05 4.60990E-05 5.35570E-05 5.35270E-05
   9970.0 1.03000E-05 2.63760E-05 4.62240E-05 5.16030E-05 5.26420E-05
   9990.0 1.07880E-05 2.82370E-05 5.08390E-05 5.70420E-05 5.76120E-05
  10025.0 1.10000E-05 2.91850E-05 5.25600E-05 5.87690E-05 6.06410E-05
  10075.0 1.04690E-05 2.88010E-05 4.87600E-05 5.10530E-05 5.78470E-05
  10125.0 1.09320E-05 3.06730E-05 5.29270E-05 5.58460E-05 6.19830E-05
  10175.0 1.05050E-05 2.84020E-05 4.74950E-05 4.86880E-05 5.59460E-05
  10225.0 1.10830E-05 3.04080E-05 5.15120E-05 5.41340E-05 5.87460E-05
  10275.0 1.15220E-05 3.25690E-05 5.67530E-05 5.98460E-05 6.44050E-05
  10325.0 1.08600E-05 2.92670E-05 4.91010E-05 4.93060E-05 5.66030E-05
  10375.0 1.20510E-05 3.32360E-05 5.86070E-05 6.22900E-05 6.89370E-05
  10425.0 1.13370E-05 3.13410E-05 5.14810E-05 5.27390E-05 6.13490E-05
  10475.0 1.21780E-05 3.39520E-05 5.85300E-05 6.18090E-05 6.62530E-05
  10525.0 1.22680E-05 3.58920E-05 5.96110E-05 6.15560E-05 6.68680E-05
  10575.0 1.22990E-05 3.40800E-05 5.63780E-05 5.72030E-05 6.33200E-05
  10625.0 1.26400E-05 3.43520E-05 5.61470E-05 5.80250E-05 6.67910E-05
  10675.0 1.33640E-05 3.70830E-05 6.02690E-05 6.30570E-05 6.90190E-05
  10725.0 1.31770E-05 3.62470E-05 6.01650E-05 6.31190E-05 6.89710E-05
  10775.0 1.36400E-05 3.72430E-05 6.51610E-05 7.15410E-05 7.33320E-05
  10825.0 1.40230E-05 3.79830E-05 6.11750E-05 6.38090E-05 6.90720E-05
  10875.0 1.03960E-05 2.55590E-05 3.65950E-05 3.71500E-05 3.70490E-05
  10925.0 9.82670E-06 2.14310E-05 3.03490E-05 3.04020E-05 3.13460E-05
  10975.0 9.06360E-06 1.83390E-05 2.56720E-05 2.69430E-05 3.00490E-05
  11025.0 9.45520E-06 1.95560E-05 2.55350E-05 2.66060E-05 2.83300E-05
  11075.0 9.98990E-06 2.17710E-05 3.21140E-05 3.38300E-05 3.69290E-05
  11125.0 1.07440E-05 2.48360E-05 3.92070E-05 3.98050E-05 4.06760E-05
  11175.0 1.09170E-05 2.20370E-05 3.58900E-05 3.57720E-05 3.84380E-05
  11225.0 1.29960E-05 2.15210E-05 4.05620E-05 4.12170E-05 3.93060E-05
  11275.0 1.19910E-05 2.27700E-05 3.40910E-05 3.38890E-05 3.36280E-05
  11325.0 1.23850E-05 2.78920E-05 4.45280E-05 4.61270E-05 4.57230E-05
  11375.0 1.23440E-05 2.48320E-05 3.82010E-05 4.10060E-05 4.20920E-05
  11425.0 1.37300E-05 2.69060E-05 4.31530E-05 4.38870E-05 4.53790E-05
  11475.0 1.55180E-05 2.84610E-05 4.97150E-05 5.14960E-05 5.15460E-05
  11525.0 1.40080E-05 2.57560E-05 4.08450E-05 4.27010E-05 4.54280E-05
  11575.0 1.43890E-05 2.95660E-05 4.78880E-05 5.14510E-05 5.28420E-05
  11625.0 1.50030E-05 3.07260E-05 4.76440E-05 5.04870E-05 4.96380E-05
  11675.0 1.52390E-05 3.14480E-05 4.76790E-05 5.02670E-05 5.24080E-05
  11725.0 1.52390E-05 3.35180E-05 4.77770E-05 4.79020E-05 4.85360E-05
  11775.0 1.45910E-05 3.03010E-05 4.12810E-05 3.99730E-05 4.48070E-05
  11825.0 1.58280E-05 3.12540E-05 4.52930E-05 4.48620E-05 4.69890E-05
  11875.0 1.61530E-05 3.55160E-05 4.88280E-05 4.91350E-05 5.08670E-05
  11925.0 1.52790E-05 3.21090E-05 4.42050E-05 4.47780E-05 4.58340E-05
  11975.0 1.61090E-05 3.16450E-05 4.23240E-05 4.36330E-05 4.53990E-05
  12025.0 1.59890E-05 3.29560E-05 4.46710E-05 4.45090E-05 4.66520E-05
  12075.0 1.52550E-05 2.97530E-05 3.81240E-05 3.58110E-05 4.03540E-05
  12125.0 1.63670E-05 3.31400E-05 4.40350E-05 4.17960E-05 4.56530E-05
  12175.0 1.64350E-05 3.35480E-05 4.63560E-05 4.61660E-05 4.97370E-05
  12225.0 1.75140E-05 3.64740E-05 4.95870E-05 4.92230E-05 5.31950E-05
  12275.0 1.77250E-05 3.61960E-05 4.80630E-05 4.69520E-05 5.01720E-05
  12325.0 1.78060E-05 3.82430E-05 5.17690E-05 5.12100E-05 5.34750E-05
  12375.0 1.77950E-05 3.62400E-05 4.64790E-05 4.51020E-05 4.75740E-05
  12425.0 1.82130E-05 3.68280E-05 4.74170E-05 4.66460E-05 4.96580E-05
  12475.0 1.86370E-05 3.92790E-05 5.08570E-05 5.05380E-05 5.31250E-05
  12525.0 1.83160E-05 3.91050E-05 4.92360E-05 4.89470E-05 5.19910E-05
  12575.0 1.89740E-05 4.03440E-05 5.23820E-05 5.28060E-05 5.54900E-05
  12625.0 2.03170E-05 4.16110E-05 5.50210E-05 5.41130E-05 5.71810E-05
  12675.0 2.00400E-05 4.15750E-05 5.47760E-05 5.36280E-05 5.47450E-05
  12725.0 2.00640E-05 4.12870E-05 5.62870E-05 5.46940E-05 5.72700E-05
  12775.0 2.00980E-05 4.14520E-05 5.24160E-05 5.05470E-05 5.42580E-05
  12825.0 1.98990E-05 4.08930E-05 5.12070E-05 5.11430E-05 5.44010E-05
  12875.0 2.13410E-05 4.36840E-05 5.66430E-05 5.61680E-05 5.88530E-05
  12925.0 2.17440E-05 4.45710E-05 6.10940E-05 6.17190E-05 6.10880E-05
  12975.0 2.22040E-05 4.61920E-05 6.29860E-05 6.41820E-05 6.49230E-05
  13025.0 2.24380E-05 4.75970E-05 6.34390E-05 6.44570E-05 6.55630E-05
  13075.0 2.28680E-05 4.77770E-05 6.29570E-05 6.27600E-05 6.30420E-05
  13125.0 2.32210E-05 4.80660E-05 6.42060E-05 6.39830E-05 6.38550E-05
  13175.0 2.31770E-05 4.92590E-05 6.22040E-05 6.07120E-05 6.29610E-05
  13225.0 2.41750E-05 4.97440E-05 6.28960E-05 6.23750E-05 6.47030E-05
  13275.0 2.43360E-05 4.92250E-05 6.41290E-05 6.31260E-05 6.39920E-05
  13325.0 2.50790E-05 4.84560E-05 6.81640E-05 6.73520E-05 6.48570E-05
  13375.0 2.53190E-05 5.10650E-05 7.00940E-05 7.05180E-05 6.96090E-05
  13425.0 2.42440E-05 5.11280E-05 6.75870E-05 6.71230E-05 6.63570E-05
  13475.0 2.50870E-05 5.14740E-05 6.69960E-05 6.75850E-05 6.68060E-05
  13525.0 2.53810E-05 5.18200E-05 7.04200E-05 6.80470E-05 6.77080E-05
  13575.0 2.56740E-05 5.21660E-05 7.08880E-05 6.85090E-05 6.82230E-05
  13625.0 2.59680E-05 5.25120E-05 7.13570E-05 6.89710E-05 6.87370E-05
  13675.0 2.62620E-05 5.28590E-05 7.18260E-05 6.94330E-05 6.92520E-05
  13725.0 2.65550E-05 5.32050E-05 7.22950E-05 6.98950E-05 6.97670E-05
  13775.0 2.68490E-05 5.35510E-05 7.27630E-05 7.03570E-05 7.02810E-05
  13825.0 2.71430E-05 5.38970E-05 7.32320E-05 7.08190E-05 7.07960E-05
  13875.0 2.74360E-05 5.42440E-05 7.37010E-05 7.12820E-05 7.13110E-05
  13925.0 2.77300E-05 5.45900E-05 7.37530E-05 7.17440E-05 7.18250E-05
  13975.0 2.62860E-05 4.78920E-05 6.16500E-05 6.11490E-05 6.18590E-05
  14025.0 2.42070E-05 3.77380E-05 4.95470E-05 4.70020E-05 4.80590E-05
  14075.0 2.21290E-05 2.22060E-05 3.72920E-05 3.28550E-05 3.42590E-05
  14125.0 1.95690E-05 2.25960E-05 3.10900E-05 2.63540E-05 2.64940E-05
  14175.0 2.25230E-05 2.43040E-05 3.62150E-05 2.83430E-05 2.66630E-05
  14225.0 2.24180E-05 3.38030E-05 3.67670E-05 3.11560E-05 2.78190E-05
  14275.0 2.43240E-05 3.95520E-05 3.83890E-05 3.37970E-05 3.92870E-05
  14325.0 2.34670E-05 2.86710E-05 4.03580E-05 4.01140E-05 3.99840E-05
  14375.0 2.55230E-05 4.04600E-05 4.58150E-05 4.23870E-05 4.84830E-05
  14425.0 2.59140E-05 3.40240E-05 3.99950E-05 3.92530E-05 3.72850E-05
  14475.0 2.61120E-05 3.36430E-05 4.63280E-05 4.49920E-05 4.70580E-05
  14525.0 2.47360E-05 3.12120E-05 3.85900E-05 3.48490E-05 3.34440E-05
  14570.0 2.32830E-05 3.30170E-05 3.46040E-05 3.10000E-05 3.19430E-05
  14620.0 2.41090E-05 3.57750E-05 3.72820E-05 3.34740E-05 3.19370E-05
  14675.0 2.51120E-05 3.13780E-05 3.57090E-05 3.33530E-05 3.11830E-05
  14725.0 2.73170E-05 4.08780E-05 4.31870E-05 4.04020E-05 3.85350E-05
  14775.0 2.55630E-05 3.67310E-05 3.70970E-05 3.46300E-05 3.57010E-05
  14825.0 2.46780E-05 3.45420E-05 3.89260E-05 3.50200E-05 3.64860E-05
  14875.0 2.78200E-05 3.83520E-05 3.98400E-05 3.62880E-05 3.75370E-05
  14925.0 2.71020E-05 4.02410E-05 4.31890E-05 4.05300E-05 4.18220E-05
  14975.0 2.64320E-05 4.06250E-05 3.97130E-05 3.61940E-05 3.71960E-05
  15025.0 2.65240E-05 3.69030E-05 3.78550E-05 3.45760E-05 3.52170E-05
  15075.0 2.62730E-05 3.78450E-05 4.02000E-05 3.69640E-05 3.70360E-05
  15125.0 2.59830E-05 3.50440E-05 4.27730E-05 4.00200E-05 3.90120E-05
  15175.0 2.40110E-05 3.18250E-05 3.93710E-05 3.75360E-05 3.68770E-05
  15225.0 2.42360E-05 3.50440E-05 4.28570E-05 4.36580E-05 4.19240E-05
  15275.0 2.41560E-05 3.00790E-05 4.61380E-05 4.66950E-05 4.44700E-05
  15325.0 2.42240E-05 3.15470E-05 4.43080E-05 4.21290E-05 4.22390E-05
  15375.0 2.33530E-05 2.98750E-05 4.89870E-05 4.74100E-05 4.71410E-05
  15425.0 2.38040E-05 3.16470E-05 4.39530E-05 4.24420E-05 4.26840E-05
  15475.0 2.42660E-05 3.38970E-05 4.72300E-05 4.60350E-05 4.74570E-05
  15525.0 2.51370E-05 3.20710E-05 4.83030E-05 4.69370E-05 4.76440E-05
  15575.0 2.58380E-05 3.05510E-05 4.42940E-05 4.36310E-05 4.04960E-05
  15625.0 2.57240E-05 3.25910E-05 4.48580E-05 4.43610E-05 4.36780E-05
  15675.0 2.78860E-05 3.79610E-05 4.75710E-05 4.81420E-05 4.61890E-05
  15725.0 2.93560E-05 3.70530E-05 5.23980E-05 5.29970E-05 5.08850E-05
  15775.0 2.71560E-05 3.27500E-05 4.05950E-05 4.13150E-05 3.82060E-05
  15825.0 2.87480E-05 3.72400E-05 4.93210E-05 4.95540E-05 4.69190E-05
  15875.0 3.06280E-05 4.07340E-05 5.03450E-05 4.95210E-05 4.79910E-05
  15925.0 3.10800E-05 4.31950E-05 5.07230E-05 5.02630E-05 4.89180E-05
  15975.0 3.06270E-05 3.75970E-05 5.37950E-05 5.29250E-05 4.75380E-05
  16050.0 3.23220E-05 4.55440E-05 5.66550E-05 5.52680E-05 5.39250E-05
  16150.0 3.43740E-05 4.96670E-05 5.36660E-05 5.30140E-05 5.15200E-05
  16250.0 3.51320E-05 4.83040E-05 5.41050E-05 5.39560E-05 5.13440E-05
  16350.0 3.68270E-05 5.34850E-05 5.95920E-05 5.86610E-05 5.60990E-05
  16450.0 3.50770E-05 5.12700E-05 5.75750E-05 5.67910E-05 5.40590E-05
  16550.0 3.77500E-05 5.58400E-05 6.06470E-05 6.11090E-05 5.75040E-05
  16650.0 3.83750E-05 5.39970E-05 6.19060E-05 5.98060E-05 5.71140E-05
  16750.0 3.92670E-05 5.31900E-05 6.13800E-05 6.02080E-05 5.52050E-05
  16850.0 3.94370E-05 5.26530E-05 5.92210E-05 5.95580E-05 5.44490E-05
  16950.0 3.70940E-05 5.31130E-05 6.01720E-05 5.81120E-05 5.52490E-05
  17050.0 3.81250E-05 5.06520E-05 6.56760E-05 6.44270E-05 5.82160E-05
  17150.0 4.15800E-05 5.66140E-05 6.77440E-05 6.69590E-05 6.07290E-05
  17250.0 4.07520E-05 5.78750E-05 6.76020E-05 6.81880E-05 6.14880E-05
  17350.0 4.18400E-05 5.94880E-05 6.58910E-05 6.42460E-05 5.84500E-05
  17450.0 4.20970E-05 5.51170E-05 6.55860E-05 6.34480E-05 5.72540E-05
  17550.0 4.10700E-05 5.48920E-05 5.83570E-05 5.68850E-05 5.29850E-05
  17650.0 4.17090E-05 5.45790E-05 6.22010E-05 6.04070E-05 5.50220E-05
  17750.0 3.53230E-05 4.28330E-05 4.36490E-05 3.78980E-05 3.73630E-05
  17850.0 3.29680E-05 4.24170E-05 3.77360E-05 3.49180E-05 3.67420E-05
  17950.0 3.70910E-05 4.50360E-05 4.98490E-05 4.42730E-05 4.31320E-05
  18050.0 3.78270E-05 4.12060E-05 5.24260E-05 4.18390E-05 3.76550E-05
  18150.0 3.68540E-05 4.82350E-05 5.25380E-05 4.66550E-05 4.35180E-05
  18250.0 3.61080E-05 4.60150E-05 4.68490E-05 4.18180E-05 4.04070E-05
  18350.0 3.64170E-05 4.56330E-05 4.51980E-05 4.10310E-05 4.02710E-05
  18450.0 3.78340E-05 4.74140E-05 4.76190E-05 4.42920E-05 4.17720E-05
  18550.0 3.92520E-05 4.91940E-05 5.00400E-05 4.75530E-05 4.32720E-05
  18650.0 4.06690E-05 5.09750E-05 5.24610E-05 5.08140E-05 4.47730E-05
  18750.0 4.20870E-05 5.26590E-05 5.48810E-05 5.39520E-05 4.62740E-05
  18850.0 4.23400E-05 5.24310E-05 5.47120E-05 5.35220E-05 4.60870E-05
  18950.0 4.24570E-05 5.22020E-05 5.45740E-05 5.30920E-05 4.58740E-05
  19050.0 4.25740E-05 5.19740E-05 5.44360E-05 5.26620E-05 4.56600E-05
  19150.0 4.26910E-05 5.17460E-05 5.42970E-05 5.22320E-05 4.54470E-05
  19250.0 4.28080E-05 5.15170E-05 5.41590E-05 5.18020E-05 4.52330E-05
  19350.0 4.19600E-05 4.60350E-05 5.00430E-05 5.13720E-05 3.78190E-05
  19450.0 4.55440E-05 5.16830E-05 4.94930E-05 5.29470E-05 4.52760E-05
  19550.0 4.34160E-05 4.54590E-05 4.36370E-05 4.06840E-05 3.79060E-05
  19650.0 4.19480E-05 4.51260E-05 4.04940E-05 4.03190E-05 3.79590E-05
  19750.0 4.11200E-05 4.24350E-05 3.84280E-05 3.89250E-05 3.50700E-05
  19850.0 4.15500E-05 4.21160E-05 4.23790E-05 4.01610E-05 3.40960E-05
  19950.0 4.05110E-05 4.10280E-05 3.95240E-05 3.72830E-05 3.32550E-05
  20050.0 4.31700E-05 4.53550E-05 4.23450E-05 4.18410E-05 3.81580E-05
  20150.0 4.27360E-05 4.30060E-05 4.31130E-05 4.04160E-05 3.62810E-05
  20250.0 4.13450E-05 4.34910E-05 3.80310E-05 3.68900E-05 3.27930E-05
  20350.0 4.39340E-05 4.60110E-05 4.20540E-05 4.07630E-05 3.62540E-05
  20450.0 4.09250E-05 4.04840E-05 3.34720E-05 3.29040E-05 2.90580E-05
  20550.0 4.17040E-05 4.12600E-05 3.71530E-05 3.46890E-05 3.01320E-05
  20650.0 4.33310E-05 4.32180E-05 3.84860E-05 3.69690E-05 3.19070E-05
  20750.0 4.16180E-05 4.11420E-05 3.60960E-05 3.51640E-05 3.10960E-05
  20850.0 4.32830E-05 4.45680E-05 3.82220E-05 3.74270E-05 3.36440E-05
  20950.0 4.25580E-05 4.14070E-05 3.62390E-05 3.42840E-05 2.99850E-05
  21050.0 4.37730E-05 4.39010E-05 3.90310E-05 3.73680E-05 3.28750E-05
  21150.0 4.16530E-05 4.16670E-05 3.46690E-05 3.31840E-05 2.94210E-05
  21250.0 4.25550E-05 4.11210E-05 3.68180E-05 3.61060E-05 3.12860E-05
  21350.0 4.11560E-05 4.28130E-05 3.45740E-05 3.45540E-05 3.05910E-05
  21450.0 4.18570E-05 3.86820E-05 3.30430E-05 3.17690E-05 2.76590E-05
  21550.0 4.20050E-05 3.92170E-05 3.38120E-05 3.23860E-05 2.90530E-05
  21650.0 4.52570E-05 3.95390E-05 3.56950E-05 3.48810E-05 3.15230E-05
  21750.0 4.25970E-05 3.78630E-05 3.35920E-05 3.19220E-05 2.88530E-05
  21850.0 4.32730E-05 3.95620E-05 3.56700E-05 3.50240E-05 3.03350E-05
  21950.0 4.25010E-05 4.00830E-05 3.41030E-05 3.39840E-05 2.98610E-05
  22050.0 4.18220E-05 3.67950E-05 3.31310E-05 3.22310E-05 2.76180E-05
  22150.0 4.42570E-05 4.20060E-05 3.46120E-05 3.46880E-05 3.00780E-05
  22250.0 4.50840E-05 3.99610E-05 3.60890E-05 3.52380E-05 3.05370E-05
  22350.0 4.38800E-05 3.84550E-05 3.33260E-05 3.17630E-05 2.80270E-05
  22450.0 4.27150E-05 3.85310E-05 3.12930E-05 2.89830E-05 2.62060E-05
  22550.0 4.29160E-05 3.80660E-05 3.31010E-05 3.13930E-05 2.82060E-05
  22650.0 4.32550E-05 3.82290E-05 3.18010E-05 3.08160E-05 2.70560E-05
  22750.0 4.32000E-05 3.84120E-05 3.21360E-05 3.07760E-05 2.70670E-05
  22850.0 4.32980E-05 3.87170E-05 3.28860E-05 3.17260E-05 2.71330E-05
  22950.0 3.23790E-05 2.95700E-05 2.00930E-05 2.25520E-05 1.83940E-05
  23050.0 3.82920E-05 3.39790E-05 2.74790E-05 2.72320E-05 2.32460E-05
  23150.0 4.03410E-05 3.37110E-05 2.81720E-05 2.66740E-05 2.25280E-05
  23250.0 3.40390E-05 2.96880E-05 2.08870E-05 2.27890E-05 1.80820E-05
  23350.0 3.72120E-05 3.11830E-05 2.43550E-05 2.49880E-05 2.03090E-05
  23450.0 3.62130E-05 3.10790E-05 2.23690E-05 2.37570E-05 1.85830E-05
  23550.0 3.37740E-05 2.83130E-05 1.91470E-05 2.07860E-05 1.64060E-05
  23650.0 3.38390E-05 2.82550E-05 2.10890E-05 2.19020E-05 1.77660E-05
  23750.0 3.46930E-05 2.98070E-05 2.08270E-05 2.15360E-05 1.67760E-05
  23850.0 3.49070E-05 2.82680E-05 1.95880E-05 2.03790E-05 1.57490E-05
  23950.0 3.41560E-05 2.97120E-05 2.05400E-05 2.14580E-05 1.71330E-05
  24050.0 3.62760E-05 2.82110E-05 2.11700E-05 2.15100E-05 1.65500E-05
  24150.0 3.34640E-05 2.67140E-05 1.75630E-05 1.85960E-05 1.44640E-05
  24250.0 3.36620E-05 2.81330E-05 2.05970E-05 2.10010E-05 1.62780E-05
  24350.0 3.25540E-05 2.69060E-05 1.95580E-05 2.14430E-05 1.63090E-05
  24450.0 3.03410E-05 2.40080E-05 1.82570E-05 1.71680E-05 1.43280E-05
  24550.0 3.30350E-05 2.51290E-05 1.99680E-05 2.17670E-05 1.74890E-05
  24650.0 3.18360E-05 2.46790E-05 1.98700E-05 2.09770E-05 1.70740E-05
  24750.0 3.14790E-05 2.22670E-05 1.72730E-05 1.81430E-05 1.58740E-05
  24850.0 3.06240E-05 2.13450E-05 1.77720E-05 1.53220E-05 1.44440E-05
  24950.0 2.95893E-05 2.06238E-05 1.73771E-05 1.54759E-05 1.53293E-05
  25050.0 2.83039E-05 1.97279E-05 1.67117E-05 1.53493E-05 1.61297E-05
  25150.0 2.70754E-05 1.88716E-05 1.58378E-05 1.46124E-05 1.57531E-05
  25250.0 2.79383E-05 1.94731E-05 1.64298E-05 1.52275E-05 1.62344E-05
  25350.0 2.74435E-05 1.91282E-05 1.57623E-05 1.44759E-05 1.55646E-05
  25450.0 2.81435E-05 1.96161E-05 1.60439E-05 1.45733E-05 1.53233E-05
  25550.0 2.89441E-05 2.01741E-05 1.64789E-05 1.49085E-05 1.55028E-05
  25650.0 2.79144E-05 1.94564E-05 1.57188E-05 1.41712E-05 1.48433E-05
  25750.0 2.80945E-05 1.95819E-05 1.57254E-05 1.40967E-05 1.44226E-05
  25850.0 2.97848E-05 2.07601E-05 1.67757E-05 1.50763E-05 1.49321E-05
  25950.0 3.06404E-05 2.13564E-05 1.72590E-05 1.55146E-05 1.51616E-05
  26050.0 3.13959E-05 2.18830E-05 1.77406E-05 1.59582E-05 1.54876E-05
  26150.0 3.26223E-05 2.27378E-05 1.84082E-05 1.63012E-05 1.53629E-05
  26250.0 3.36397E-05 2.34470E-05 1.89373E-05 1.65981E-05 1.53006E-05
  26350.0 3.39251E-05 2.36459E-05 1.91952E-05 1.69651E-05 1.58695E-05
  26450.0 3.41531E-05 2.38048E-05 1.91926E-05 1.69303E-05 1.58342E-05
  26550.0 3.45581E-05 2.40871E-05 1.92262E-05 1.67096E-05 1.54225E-05
  26650.0 3.47207E-05 2.42004E-05 1.92178E-05 1.65799E-05 1.51311E-05
  26750.0 3.44074E-05 2.39821E-05 1.90597E-05 1.65435E-05 1.53354E-05
  26850.0 3.30138E-05 2.30107E-05 1.79891E-05 1.54410E-05 1.51007E-05
  26950.0 3.15298E-05 2.19763E-05 1.68122E-05 1.42263E-05 1.43573E-05
  27050.0 2.97981E-05 2.07694E-05 1.59296E-05 1.37263E-05 1.44784E-05
  27150.0 2.91484E-05 2.03165E-05 1.57472E-05 1.37532E-05 1.45217E-05
  27250.0 2.90794E-05 2.02684E-05 1.56440E-05 1.36922E-05 1.45383E-05
  27350.0 2.92885E-05 2.04141E-05 1.56421E-05 1.35456E-05 1.41379E-05
  27450.0 2.88970E-05 2.01413E-05 1.56228E-05 1.38148E-05 1.47656E-05
  27550.0 2.90244E-05 2.02301E-05 1.57643E-05 1.40266E-05 1.47899E-05
  27650.0 2.83844E-05 1.97840E-05 1.53837E-05 1.37825E-05 1.47277E-05
  27750.0 2.83904E-05 1.97881E-05 1.53466E-05 1.35274E-05 1.42856E-05
  27850.0 2.80194E-05 1.95296E-05 1.52083E-05 1.35083E-05 1.44818E-05
  27950.0 2.81848E-05 1.96449E-05 1.54242E-05 1.37229E-05 1.45180E-05
  28050.0 2.67298E-05 1.86307E-05 1.45822E-05 1.30218E-05 1.43260E-05
  28150.0 2.58429E-05 1.80126E-05 1.40695E-05 1.25798E-05 1.40617E-05
  28250.0 2.52080E-05 1.75700E-05 1.36075E-05 1.21627E-05 1.37580E-05
  28350.0 2.48710E-05 1.73352E-05 1.34494E-05 1.21986E-05 1.39628E-05
  28450.0 2.49590E-05 1.73965E-05 1.36482E-05 1.24753E-05 1.40611E-05
  28550.0 2.49675E-05 1.74024E-05 1.36921E-05 1.26294E-05 1.40482E-05
  28650.0 2.49243E-05 1.73723E-05 1.35971E-05 1.25727E-05 1.37829E-05
  28750.0 2.46320E-05 1.71686E-05 1.34311E-05 1.24540E-05 1.39204E-05
  28850.0 2.45844E-05 1.71354E-05 1.34306E-05 1.23899E-05 1.37220E-05
  28950.0 2.41398E-05 1.68255E-05 1.31622E-05 1.20579E-05 1.31589E-05
  29050.0 2.31727E-05 1.61514E-05 1.26503E-05 1.16005E-05 1.30293E-05
  29150.0 2.16177E-05 1.50676E-05 1.19162E-05 1.11038E-05 1.32134E-05
  29250.0 1.97467E-05 1.37635E-05 1.09194E-05 1.02013E-05 1.29625E-05
  29350.0 1.73340E-05 1.20818E-05 9.56111E-06 8.98486E-06 1.26278E-05
  29450.0 1.47258E-05 1.02639E-05 8.15008E-06 7.72266E-06 1.23398E-05
  29550.0 1.29294E-05 9.01180E-06 7.21241E-06 6.88970E-06 1.22488E-05
  29650.0 1.12713E-05 7.85610E-06 6.31429E-06 5.92435E-06 1.19759E-05
  29750.0 9.35315E-06 6.51917E-06 5.31486E-06 4.84644E-06 1.17397E-05
  29850.0 8.27631E-06 5.76861E-06 4.76193E-06 4.28431E-06 1.11404E-05
  29950.0 7.65970E-06 5.33883E-06 4.46000E-06 3.97929E-06 1.08381E-05
  30050.0 7.08850E-06 4.94070E-06 4.17326E-06 3.70129E-06 1.09793E-05
  30150.0 6.73752E-06 4.69607E-06 3.99894E-06 3.54049E-06 1.08768E-05
  30250.0 6.63204E-06 4.62254E-06 3.94317E-06 3.47556E-06 1.08166E-05
  30350.0 6.64233E-06 4.62972E-06 3.93814E-06 3.44935E-06 1.06660E-05
  30450.0 6.79007E-06 4.73269E-06 3.99227E-06 3.47139E-06 1.04544E-05
  30550.0 6.92452E-06 4.82640E-06 4.03535E-06 3.49064E-06 1.04557E-05
  30650.0 6.92974E-06 4.83005E-06 4.02499E-06 3.48531E-06 1.02842E-05
  30750.0 6.78322E-06 4.72792E-06 3.95903E-06 3.43145E-06 1.00361E-05
  30850.0 6.75961E-06 4.71146E-06 3.93667E-06 3.40497E-06 9.87735E-06
  30950.0 6.62751E-06 4.61939E-06 3.86405E-06 3.34569E-06 9.84945E-06
  31050.0 6.78196E-06 4.72704E-06 3.91633E-06 3.37332E-06 9.84868E-06
  31150.0 6.65831E-06 4.64085E-06 3.84284E-06 3.29992E-06 9.67633E-06
  31250.0 6.26732E-06 4.36834E-06 3.64997E-06 3.14155E-06 9.30733E-06
  31350.0 6.19265E-06 4.31629E-06 3.60165E-06 3.09918E-06 9.27947E-06
  31450.0 6.48733E-06 4.52169E-06 3.71711E-06 3.16983E-06 9.42478E-06
  31550.0 6.86793E-06 4.78696E-06 3.86782E-06 3.25935E-06 9.37586E-06
  31650.0 7.07112E-06 4.92858E-06 3.94187E-06 3.29358E-06 9.35332E-06
  31750.0 7.18633E-06 5.00889E-06 3.97463E-06 3.30199E-06 9.25626E-06
  31850.0 7.52769E-06 5.24682E-06 4.10042E-06 3.36583E-06 9.15552E-06
  31950.0 7.93748E-06 5.53244E-06 4.25521E-06 3.45940E-06 9.17651E-06
  32100.0 8.41084E-06 5.86237E-06 4.44219E-06 3.57378E-06 9.15912E-06
  32300.0 9.03953E-06 6.30057E-06 4.68957E-06 3.72209E-06 8.89040E-06
  32500.0 9.79996E-06 6.83059E-06 5.00856E-06 3.97248E-06 8.78307E-06
  32700.0 1.03555E-05 7.21784E-06 5.22835E-06 4.12208E-06 8.82223E-06
  32900.0 1.10513E-05 7.70277E-06 5.53104E-06 4.41547E-06 8.61323E-06
  33100.0 1.17497E-05 8.18959E-06 5.83643E-06 4.73850E-06 8.48706E-06
  33300.0 1.22891E-05 8.56556E-06 6.06779E-06 5.01241E-06 8.41424E-06
  33500.0 1.28178E-05 8.93403E-06 6.32097E-06 5.38378E-06 8.47024E-06
  33700.0 1.35282E-05 9.42917E-06 6.73084E-06 6.01395E-06 8.49045E-06
  33900.0 1.40260E-05 9.77617E-06 7.00317E-06 6.27663E-06 8.09338E-06
  34100.0 1.46101E-05 1.01833E-05 7.37131E-06 6.65291E-06 7.86080E-06
  34300.0 1.49231E-05 1.04015E-05 7.65269E-06 6.97159E-06 7.78693E-06
  34500.0 1.51831E-05 1.05826E-05 7.85865E-06 7.09167E-06 7.53846E-06
  34700.0 1.54125E-05 1.07425E-05 8.09837E-06 7.26248E-06 7.32056E-06
  34900.0 1.56982E-05 1.09417E-05 8.31628E-06 7.35685E-06 7.05600E-06
  35100.0 1.57445E-05 1.09739E-05 8.46146E-06 7.44808E-06 6.98064E-06
  35300.0 1.63944E-05 1.14269E-05 8.94991E-06 7.82706E-06 7.03408E-06
  35500.0 1.66326E-05 1.15929E-05 9.15100E-06 7.95032E-06 7.01300E-06
  35700.0 1.43792E-05 1.00223E-05 7.95822E-06 7.13524E-06 6.95738E-06
  35900.0 1.41333E-05 9.85095E-06 7.78582E-06 6.95666E-06 6.68776E-06
  36100.0 1.48108E-05 1.03232E-05 8.19207E-06 7.20465E-06 6.57118E-06
  36300.0 1.52521E-05 1.06308E-05 8.41240E-06 7.29375E-06 6.46479E-06
  36500.0 1.57459E-05 1.09749E-05 8.64405E-06 7.32158E-06 6.26461E-06
  36700.0 1.55480E-05 1.08370E-05 8.45649E-06 7.05138E-06 5.97059E-06
  36900.0 1.52290E-05 1.06147E-05 8.46473E-06 7.12303E-06 5.98920E-06
  37100.0 1.44601E-05 1.00787E-05 8.07206E-06 6.80691E-06 5.74094E-06
  37300.0 1.35592E-05 9.45079E-06 7.66757E-06 6.60822E-06 5.72330E-06
  37500.0 1.30096E-05 9.06770E-06 7.47951E-06 6.58452E-06 5.78933E-06
  37700.0 1.19279E-05 8.31377E-06 6.84965E-06 6.12109E-06 5.60901E-06
  37900.0 1.14003E-05 7.94602E-06 6.62363E-06 5.97638E-06 5.48904E-06
  38100.0 1.05337E-05 7.34200E-06 6.10392E-06 5.61388E-06 5.38580E-06
  38300.0 9.89353E-06 6.89581E-06 5.69233E-06 5.30003E-06 5.25265E-06
  38500.0 9.43391E-06 6.57545E-06 5.36522E-06 4.99245E-06 5.16367E-06
  38700.0 9.12116E-06 6.35747E-06 5.07609E-06 4.66554E-06 4.95502E-06
  38900.0 8.67963E-06 6.04972E-06 4.70160E-06 4.26366E-06 4.89150E-06
  39100.0 8.59704E-06 5.99216E-06 4.59120E-06 4.12978E-06 4.84606E-06
  39300.0 8.65408E-06 6.03192E-06 4.58243E-06 4.10189E-06 4.75429E-06
  39500.0 8.83503E-06 6.15803E-06 4.67546E-06 4.17892E-06 4.68444E-06
  39700.0 8.65880E-06 6.03520E-06 4.52557E-06 3.99808E-06 4.56992E-06
  39900.0 8.60337E-06 5.99657E-06 4.47375E-06 3.92845E-06 4.54362E-06
  40100.0 8.54186E-06 5.95370E-06 4.41552E-06 3.88243E-06 4.49882E-06
  40300.0 8.59572E-06 5.99124E-06 4.44096E-06 3.87331E-06 4.35828E-06
  40500.0 8.64528E-06 6.02578E-06 4.47009E-06 3.87586E-06 4.26845E-06
  40700.0 8.77818E-06 6.11841E-06 4.51168E-06 3.87665E-06 4.11481E-06
  40900.0 8.86389E-06 6.17815E-06 4.56678E-06 3.94652E-06 4.08649E-06
  41100.0 8.89957E-06 6.20302E-06 4.58452E-06 3.96505E-06 4.02925E-06
  41300.0 8.98673E-06 6.26377E-06 4.62500E-06 3.96365E-06 3.90983E-06
  41500.0 8.92988E-06 6.22415E-06 4.58439E-06 3.91684E-06 3.84777E-06
  41700.0 9.09408E-06 6.33860E-06 4.68623E-06 3.98606E-06 3.77077E-06
  41900.0 9.16223E-06 6.38609E-06 4.73133E-06 4.01047E-06 3.70861E-06
  42100.0 9.19232E-06 6.40707E-06 4.75522E-06 4.02207E-06 3.65979E-06
  42300.0 9.31994E-06 6.49602E-06 4.85627E-06 4.08796E-06 3.62840E-06
  42500.0 9.48922E-06 6.61401E-06 4.98630E-06 4.18189E-06 3.62393E-06
  42700.0 9.41435E-06 6.56182E-06 4.93771E-06 4.12717E-06 3.54159E-06
  42900.0 9.20194E-06 6.41377E-06 4.75950E-06 3.88889E-06 3.25692E-06
  43100.0 8.97205E-06 6.25354E-06 4.59381E-06 3.67960E-06 3.00914E-06
  43300.0 9.15451E-06 6.38072E-06 4.75415E-06 3.84693E-06 3.09858E-06
  43500.0 8.83111E-06 6.15531E-06 4.53154E-06 3.59125E-06 2.87159E-06
  43700.0 8.55526E-06 5.96304E-06 4.37688E-06 3.44573E-06 2.75904E-06
  43900.0 8.55466E-06 5.96262E-06 4.39620E-06 3.46582E-06 2.77272E-06
  44100.0 7.89244E-06 5.50105E-06 4.02644E-06 3.12486E-06 2.51664E-06
  44300.0 7.80975E-06 5.44341E-06 3.98445E-06 3.07495E-06 2.47591E-06
  44500.0 7.62043E-06 5.31146E-06 3.91147E-06 3.02940E-06 2.44995E-06
  44700.0 7.06271E-06 4.92272E-06 3.59130E-06 2.75114E-06 2.24926E-06
  44900.0 6.74280E-06 4.69975E-06 3.47030E-06 2.69583E-06 2.22610E-06
  45100.0 6.06329E-06 4.22613E-06 3.10150E-06 2.40814E-06 2.04848E-06
  45300.0 5.67033E-06 3.95223E-06 2.90092E-06 2.26627E-06 1.95572E-06
  45500.0 5.63971E-06 3.93089E-06 2.91243E-06 2.31972E-06 1.99987E-06
  45700.0 5.55069E-06 3.86884E-06 2.86889E-06 2.30337E-06 2.01587E-06
  45900.0 5.20261E-06 3.62623E-06 2.67594E-06 2.14884E-06 1.92442E-06
  46100.0 4.85473E-06 3.38376E-06 2.49952E-06 2.01055E-06 1.86140E-06
  46300.0 4.91669E-06 3.42695E-06 2.52431E-06 2.02588E-06 1.87357E-06
  46500.0 4.85633E-06 3.38487E-06 2.49365E-06 2.01534E-06 1.90720E-06
  46700.0 4.70479E-06 3.27925E-06 2.39856E-06 1.91240E-06 1.80590E-06
  46900.0 4.69284E-06 3.27092E-06 2.38656E-06 1.90712E-06 1.82960E-06
  47100.0 4.49437E-06 3.13259E-06 2.26934E-06 1.81828E-06 1.78176E-06
  47300.0 4.37812E-06 3.05156E-06 2.17689E-06 1.71166E-06 1.70077E-06
  47500.0 4.42075E-06 3.08128E-06 2.18226E-06 1.69343E-06 1.67578E-06
  47700.0 4.59114E-06 3.20004E-06 2.27221E-06 1.78885E-06 1.79296E-06
  47900.0 4.54879E-06 3.17051E-06 2.23323E-06 1.73531E-06 1.76743E-06
  48100.0 4.44755E-06 3.09995E-06 2.18351E-06 1.69534E-06 1.70159E-06
  48300.0 4.48864E-06 3.12859E-06 2.19981E-06 1.72015E-06 1.72161E-06
  48500.0 4.35275E-06 3.03388E-06 2.13213E-06 1.66816E-06 1.66387E-06
  48700.0 4.15420E-06 2.89549E-06 2.04288E-06 1.59926E-06 1.54126E-06
  48900.0 4.21494E-06 2.93782E-06 2.06052E-06 1.60337E-06 1.47151E-06
  49100.0 4.29317E-06 2.99235E-06 2.08743E-06 1.61694E-06 1.43722E-06
  49300.0 4.34330E-06 3.02729E-06 2.11207E-06 1.63410E-06 1.37765E-06
  49500.0 4.28551E-06 2.98701E-06 2.08764E-06 1.61434E-06 1.31286E-06
  49700.0 4.36729E-06 3.04401E-06 2.12771E-06 1.63930E-06 1.29491E-06
  49900.0 4.42045E-06 3.08106E-06 2.14878E-06 1.65192E-06 1.26697E-06
  50100.0 4.28222E-06 2.98472E-06 2.07761E-06 1.59713E-06 1.20331E-06
  50300.0 4.13767E-06 2.88397E-06 2.01468E-06 1.56299E-06 1.19514E-06
  50500.0 4.27068E-06 2.97667E-06 2.08155E-06 1.61594E-06 1.22043E-06
  50700.0 4.26983E-06 2.97608E-06 2.07544E-06 1.59411E-06 1.18467E-06
  50900.0 4.22996E-06 2.94829E-06 2.05567E-06 1.57914E-06 1.16911E-06
  51100.0 4.11389E-06 2.86739E-06 1.99505E-06 1.53112E-06 1.14776E-06
  51300.0 4.08451E-06 2.84692E-06 1.97329E-06 1.51068E-06 1.12834E-06
  51500.0 4.15283E-06 2.89453E-06 2.01187E-06 1.54922E-06 1.14328E-06
  51700.0 4.16741E-06 2.90470E-06 2.02724E-06 1.57660E-06 1.15645E-06
  51900.0 4.14681E-06 2.89034E-06 2.01516E-06 1.56316E-06 1.14000E-06
  52100.0 4.02690E-06 2.80676E-06 1.95253E-06 1.51100E-06 1.12331E-06
  52300.0 3.99687E-06 2.78583E-06 1.94583E-06 1.52287E-06 1.13247E-06
  52500.0 3.97057E-06 2.76750E-06 1.93006E-06 1.50478E-06 1.12105E-06
  52700.0 3.96658E-06 2.76471E-06 1.92456E-06 1.49591E-06 1.11172E-06
  52900.0 3.87882E-06 2.70355E-06 1.88006E-06 1.46147E-06 1.11164E-06
  53100.0 3.84141E-06 2.67747E-06 1.85719E-06 1.43443E-06 1.09827E-06
  53300.0 3.75407E-06 2.61659E-06 1.81580E-06 1.40054E-06 1.05441E-06
  53500.0 3.74191E-06 2.60812E-06 1.80697E-06 1.39391E-06 1.05944E-06
  53700.0 3.68624E-06 2.56932E-06 1.78353E-06 1.38473E-06 1.07247E-06
  53900.0 3.57475E-06 2.49161E-06 1.72490E-06 1.33447E-06 1.05392E-06
  54100.0 3.57225E-06 2.48987E-06 1.72635E-06 1.33761E-06 1.05182E-06
  54300.0 3.59369E-06 2.50481E-06 1.74732E-06 1.36654E-06 1.07450E-06
  54500.0 3.63256E-06 2.53190E-06 1.77944E-06 1.41331E-06 1.11032E-06
  54700.0 3.60947E-06 2.51581E-06 1.76838E-06 1.40246E-06 1.08999E-06
  54900.0 3.50737E-06 2.44465E-06 1.71993E-06 1.36151E-06 1.06420E-06
  55100.0 3.46416E-06 2.41453E-06 1.70514E-06 1.35408E-06 1.06674E-06
  55300.0 3.44433E-06 2.40071E-06 1.69946E-06 1.35454E-06 1.07426E-06
  55500.0 3.40403E-06 2.37262E-06 1.68687E-06 1.35505E-06 1.08966E-06
  55700.0 3.34767E-06 2.33334E-06 1.65856E-06 1.33286E-06 1.06937E-06
  55900.0 3.27000E-06 2.27920E-06 1.61861E-06 1.29769E-06 1.04755E-06
  56100.0 3.22191E-06 2.24568E-06 1.59437E-06 1.27900E-06 1.04324E-06
  56300.0 3.17809E-06 2.21514E-06 1.57953E-06 1.27820E-06 1.05660E-06
  56500.0 3.11712E-06 2.17264E-06 1.55828E-06 1.27426E-06 1.06637E-06
  56700.0 3.05916E-06 2.13224E-06 1.53023E-06 1.25104E-06 1.04723E-06
  56900.0 3.00978E-06 2.09783E-06 1.50115E-06 1.22190E-06 1.01956E-06
  57100.0 2.96558E-06 2.06702E-06 1.47745E-06 1.20288E-06 1.01374E-06
  57300.0 2.90822E-06 2.02703E-06 1.44988E-06 1.18621E-06 1.01896E-06
  57500.0 2.86921E-06 1.99985E-06 1.43230E-06 1.17718E-06 1.02033E-06
  57700.0 2.83426E-06 1.97548E-06 1.41734E-06 1.16862E-06 1.01948E-06
  57900.0 2.76663E-06 1.92835E-06 1.37791E-06 1.13075E-06 9.97488E-07
  58100.0 2.70800E-06 1.88748E-06 1.34909E-06 1.11221E-06 9.95891E-07
  58300.0 2.68219E-06 1.86950E-06 1.33995E-06 1.11351E-06 1.00490E-06
  58500.0 2.61530E-06 1.82287E-06 1.30404E-06 1.08035E-06 9.90614E-07
  58700.0 2.54571E-06 1.77437E-06 1.26894E-06 1.05096E-06 9.79709E-07
  58900.0 2.52316E-06 1.75865E-06 1.25702E-06 1.04130E-06 9.71237E-07
  59100.0 2.48723E-06 1.73361E-06 1.23846E-06 1.02522E-06 9.59887E-07
  59300.0 2.44010E-06 1.70075E-06 1.21517E-06 1.00605E-06 9.50637E-07
  59500.0 2.40810E-06 1.67845E-06 1.20064E-06 1.00003E-06 9.55138E-07
  59700.0 2.37956E-06 1.65856E-06 1.18756E-06 9.94962E-07 9.61369E-07
  59900.0 2.32982E-06 1.62389E-06 1.16063E-06 9.69760E-07 9.48036E-07
  60100.0 2.28467E-06 1.59242E-06 1.13493E-06 9.43982E-07 9.31343E-07
  60300.0 2.23142E-06 1.55531E-06 1.10798E-06 9.20335E-07 9.21049E-07
  60500.0 2.18779E-06 1.52489E-06 1.08704E-06 9.03338E-07 9.14843E-07
  60700.0 2.16028E-06 1.50572E-06 1.07236E-06 8.88466E-07 9.00778E-07
  60900.0 2.13059E-06 1.48502E-06 1.05709E-06 8.76511E-07 8.97878E-07
  61100.0 2.09219E-06 1.45826E-06 1.03679E-06 8.59530E-07 8.97765E-07
  61300.0 2.06483E-06 1.43919E-06 1.02212E-06 8.47457E-07 8.93158E-07
  61500.0 2.03757E-06 1.42019E-06 1.00838E-06 8.37876E-07 8.88695E-07
  61700.0 1.99262E-06 1.38886E-06 9.86139E-07 8.15518E-07 8.71664E-07
  61900.0 1.94952E-06 1.35882E-06 9.65370E-07 7.95817E-07 8.55006E-07
  62100.0 1.91901E-06 1.33755E-06 9.50538E-07 7.83294E-07 8.46071E-07
  62300.0 1.90096E-06 1.32498E-06 9.39839E-07 7.72748E-07 8.39747E-07
  62500.0 1.86250E-06 1.29817E-06 9.20119E-07 7.52732E-07 8.27977E-07
  62700.0 1.82003E-06 1.26857E-06 8.99746E-07 7.33292E-07 8.16665E-07
  62900.0 1.78052E-06 1.24103E-06 8.80902E-07 7.16750E-07 8.11595E-07
  63100.0 1.74358E-06 1.21528E-06 8.63806E-07 7.01849E-07 8.02666E-07
  63300.0 1.72479E-06 1.20218E-06 8.54035E-07 6.92758E-07 7.92367E-07
  63500.0 1.70670E-06 1.18958E-06 8.44289E-07 6.83244E-07 7.84817E-07
  63700.0 1.67754E-06 1.16925E-06 8.29374E-07 6.67681E-07 7.73262E-07
  63900.0 1.64697E-06 1.14795E-06 8.13538E-07 6.49128E-07 7.59580E-07
  64200.0 1.61142E-06 1.12316E-06 7.94766E-07 6.30184E-07 7.51527E-07
  64600.0 1.57714E-06 1.09927E-06 7.76731E-07 6.12859E-07 7.30021E-07
  65000.0 1.52068E-06 1.05991E-06 7.48472E-07 5.84738E-07 7.16020E-07
  65400.0 1.46815E-06 1.02331E-06 7.22570E-07 5.60452E-07 7.01534E-07
  65800.0 1.39439E-06 9.71892E-07 6.88436E-07 5.29808E-07 6.86548E-07
  66200.0 1.36837E-06 9.53758E-07 6.75101E-07 5.18254E-07 6.74668E-07
  66600.0 1.32929E-06 9.26518E-07 6.54917E-07 4.98463E-07 6.56092E-07
  67000.0 1.29422E-06 9.02074E-07 6.37826E-07 4.85554E-07 6.34601E-07
  67400.0 1.26210E-06 8.79687E-07 6.21138E-07 4.70754E-07 6.20947E-07
  67800.0 1.22158E-06 8.51447E-07 6.01186E-07 4.54199E-07 6.06219E-07
  68200.0 1.20064E-06 8.36848E-07 5.91319E-07 4.46074E-07 5.93722E-07
  68600.0 1.16885E-06 8.14692E-07 5.76816E-07 4.35297E-07 5.74275E-07
  69000.0 1.13258E-06 7.89411E-07 5.59595E-07 4.21766E-07 5.58175E-07
  69400.0 1.08936E-06 7.59287E-07 5.38985E-07 4.04798E-07 5.39948E-07
  69800.0 1.06801E-06 7.44402E-07 5.28371E-07 3.97475E-07 5.27391E-07
  70200.0 1.05910E-06 7.38197E-07 5.23885E-07 3.94238E-07 5.14429E-07
  70600.0 1.04858E-06 7.30866E-07 5.19861E-07 3.92398E-07 5.13995E-07
  71000.0 1.02939E-06 7.17489E-07 5.09536E-07 3.83891E-07 5.08133E-07
  71400.0 1.01747E-06 7.09176E-07 5.02041E-07 3.77853E-07 5.03433E-07
  71800.0 1.00072E-06 6.97504E-07 4.95455E-07 3.74202E-07 4.98272E-07
  72200.0 9.83809E-07 6.85717E-07 4.86948E-07 3.68127E-07 4.90291E-07
  72600.0 9.59817E-07 6.68995E-07 4.76300E-07 3.60512E-07 4.79801E-07
  73000.0 9.42639E-07 6.57022E-07 4.67259E-07 3.53004E-07 4.68802E-07
  73400.0 9.30713E-07 6.48709E-07 4.59640E-07 3.45681E-07 4.56810E-07
  73800.0 9.27943E-07 6.46779E-07 4.57667E-07 3.44101E-07 4.46964E-07
  74200.0 9.15160E-07 6.37868E-07 4.51361E-07 3.39651E-07 4.40832E-07
  74600.0 8.91388E-07 6.21300E-07 4.39081E-07 3.29332E-07 4.29320E-07
  75000.0 8.91638E-07 6.21474E-07 4.36346E-07 3.26139E-07 4.20607E-07
  75400.0 8.93956E-07 6.23090E-07 4.35890E-07 3.25678E-07 4.14062E-07
  75800.0 8.65262E-07 6.03090E-07 4.23573E-07 3.16595E-07 4.04923E-07
  76200.0 8.49038E-07 5.91782E-07 4.14202E-07 3.07886E-07 3.95396E-07
  76600.0 8.50396E-07 5.92728E-07 4.14508E-07 3.08684E-07 3.89642E-07
  77000.0 8.35057E-07 5.82037E-07 4.06709E-07 3.02165E-07 3.81283E-07
  77400.0 8.13678E-07 5.67135E-07 3.97917E-07 2.96484E-07 3.73613E-07
  77800.0 8.07453E-07 5.62797E-07 3.96281E-07 2.96715E-07 3.68627E-07
  78200.0 7.83227E-07 5.45911E-07 3.85655E-07 2.88571E-07 3.59732E-07
  78600.0 7.73093E-07 5.38848E-07 3.80996E-07 2.85401E-07 3.53334E-07
  79000.0 7.69512E-07 5.36351E-07 3.78779E-07 2.83417E-07 3.50354E-07
  79400.0 7.60519E-07 5.30083E-07 3.74654E-07 2.81778E-07 3.45014E-07
  79800.0 7.47003E-07 5.20663E-07 3.68451E-07 2.76833E-07 3.37809E-07
  80200.0 7.48316E-07 5.21578E-07 3.69616E-07 2.76715E-07 3.31998E-07
  80600.0 7.29928E-07 5.08761E-07 3.62472E-07 2.74399E-07 3.27048E-07
  81000.0 7.29657E-07 5.08573E-07 3.63638E-07 2.75127E-07 3.21740E-07
  81400.0 7.40497E-07 5.16128E-07 3.67905E-07 2.78798E-07 3.16934E-07
  81800.0 7.69168E-07 5.36112E-07 3.71475E-07 2.77629E-07 3.12034E-07
  82200.0 7.59958E-07 5.29692E-07 3.66074E-07 2.73796E-07 3.06578E-07
  82600.0 7.57885E-07 5.28248E-07 3.65587E-07 2.74436E-07 3.01532E-07
  83000.0 7.59767E-07 5.29559E-07 3.66810E-07 2.78007E-07 2.96262E-07
  83400.0 7.55726E-07 5.26743E-07 3.65235E-07 2.77502E-07 2.91353E-07
  83800.0 7.62592E-07 5.31529E-07 3.67662E-07 2.80309E-07 2.86360E-07
  84200.0 7.52826E-07 5.24721E-07 3.63432E-07 2.78812E-07 2.80890E-07
  84600.0 7.49788E-07 5.22604E-07 3.62682E-07 2.79467E-07 2.75851E-07
  85000.0 7.51793E-07 5.24002E-07 3.64339E-07 2.81602E-07 2.71231E-07
  85400.0 7.46852E-07 5.20558E-07 3.62999E-07 2.84206E-07 2.66520E-07
  85800.0 7.38682E-07 5.14863E-07 3.63277E-07 2.87339E-07 2.61618E-07
  86200.0 7.47381E-07 5.20927E-07 3.65910E-07 2.88222E-07 2.57596E-07
  86600.0 7.54599E-07 5.25957E-07 3.67931E-07 2.88753E-07 2.53440E-07
  87000.0 7.49698E-07 5.22541E-07 3.67507E-07 2.89104E-07 2.47937E-07
  87400.0 7.59497E-07 5.29371E-07 3.73267E-07 2.92374E-07 2.43622E-07
  87800.0 7.58713E-07 5.28825E-07 3.71616E-07 2.88723E-07 2.39362E-07
  88200.0 7.48896E-07 5.21982E-07 3.66208E-07 2.84813E-07 2.34928E-07
  88600.0 7.44898E-07 5.19196E-07 3.64284E-07 2.82756E-07 2.30904E-07
  89000.0 7.48979E-07 5.22040E-07 3.66968E-07 2.83494E-07 2.26794E-07
  89400.0 7.52415E-07 5.24435E-07 3.68600E-07 2.82971E-07 2.22345E-07
  89800.0 7.49519E-07 5.22416E-07 3.67563E-07 2.81235E-07 2.18098E-07
  90200.0 7.44553E-07 5.18955E-07 3.64867E-07 2.77763E-07 2.14233E-07
  90600.0 7.29200E-07 5.08254E-07 3.56661E-07 2.71168E-07 2.10445E-07
  91000.0 7.35167E-07 5.12413E-07 3.56979E-07 2.69790E-07 2.06586E-07
  91400.0 7.34000E-07 5.11600E-07 3.53994E-07 2.65856E-07 2.03114E-07
  91800.0 7.31139E-07 5.09606E-07 3.53014E-07 2.63943E-07 1.99548E-07
  92200.0 7.24729E-07 5.05138E-07 3.47498E-07 2.59152E-07 1.96426E-07
  92600.0 7.15118E-07 4.98439E-07 3.41823E-07 2.54413E-07 1.93393E-07
  93000.0 7.14102E-07 4.97731E-07 3.40088E-07 2.52139E-07 1.90257E-07
  93400.0 7.04002E-07 4.90691E-07 3.34910E-07 2.47531E-07 1.87908E-07
  93800.0 6.96630E-07 4.85553E-07 3.31372E-07 2.44529E-07 1.83899E-07
  94200.0 6.87302E-07 4.79051E-07 3.25896E-07 2.40610E-07 1.81480E-07
  94600.0 6.71578E-07 4.68092E-07 3.17156E-07 2.33874E-07 1.78957E-07
  95000.0 6.51917E-07 4.54388E-07 3.06811E-07 2.25945E-07 1.75696E-07
  95400.0 6.45714E-07 4.50064E-07 3.02995E-07 2.22561E-07 1.73358E-07
  95800.0 6.49660E-07 4.52815E-07 3.05062E-07 2.22585E-07 1.70791E-07
  96200.0 6.43084E-07 4.48231E-07 3.01683E-07 2.19551E-07 1.68255E-07
  96600.0 6.28774E-07 4.38257E-07 2.94038E-07 2.14168E-07 1.65444E-07
  97000.0 6.30380E-07 4.39377E-07 2.94634E-07 2.14192E-07 1.62988E-07
  97400.0 6.23752E-07 4.34757E-07 2.91614E-07 2.11489E-07 1.60258E-07
  97800.0 6.06602E-07 4.22803E-07 2.83619E-07 2.05850E-07 1.58268E-07
  98200.0 5.93867E-07 4.13927E-07 2.77229E-07 2.01285E-07 1.56160E-07
  98600.0 5.86277E-07 4.08636E-07 2.73473E-07 1.98416E-07 1.53856E-07
  99000.0 5.73615E-07 3.99811E-07 2.67501E-07 1.94589E-07 1.51754E-07
  99400.0 5.56830E-07 3.88112E-07 2.59200E-07 1.88794E-07 1.49266E-07
  99800.0 5.46526E-07 3.80930E-07 2.54006E-07 1.84482E-07 1.47002E-07
 100200.0 5.37762E-07 3.74822E-07 2.49858E-07 1.81567E-07 1.45078E-07
 200000.0 3.52094E-08 2.45411E-08 1.57299E-08 1.09527E-08 9.76988E-09
 400000.0 0.00000E+00 0.00000E+00 0.00000E+00 0.00000E+00 0.00000E+00
 600000.0 0.00000E+00 0.00000E+00 0.00000E+00 0.00000E+00 0.00000E+00
 800000.0 0.00000E+00 0.00000E+00 0.00000E+00 0.00000E+00 0.00000E+00
1000000.0 0.00000E+00 0.00000E+00 0.00000E+00 0.00000E+00 0.00000E+00
1200000.0 0.00000E+00 0.00000E+00 0.00000E+00 0.00000E+00 0.00000E+00
1400000.0 0.00000E+00 0.00000E+00 0.00000E+00 0.00000E+00 0.00000E+00
1600000.0 0.00000E+00 0.00000E+00 0.00000E+00 0.00000E+00 0.00000E+00
