    0.0200000      1.00000    0.0190000
    0.0656667      1.00000    0.0190000
     0.111333      1.00000    0.0190000
     0.157000      1.00000    0.0190000
     0.202667      1.00000    0.0190000
     0.248333      1.00000    0.0190000
     0.294000      1.00000    0.0190000
     0.339667      1.00000    0.0190000
     0.385333      1.00000    0.0190000
     0.431000      1.00000    0.0190000
     0.476667      1.00000    0.0190000
     0.522333      1.00000    0.0190000
     0.568000      1.00000    0.0190000
     0.613667      1.00000    0.0190000
     0.659333      1.00000    0.0190000
     0.705000      1.00000    0.0190000
     0.750667      1.00000    0.0190000
     0.796333      1.00000    0.0190000
     0.842000      1.00000    0.0190000
     0.887667      1.00000    0.0190000
     0.933333      1.00000    0.0190000
     0.979000      1.00000    0.0190000
      1.02467      1.00000    0.0190000
      1.07033      1.00000    0.0190000
      1.11600      1.00000    0.0190000
      1.16167      1.00000    0.0190000
      1.20733      1.00000    0.0190000
      1.25300      1.00000    0.0190000
      1.29867      1.00000    0.0190000
      1.34433      1.00000    0.0190000
      1.39000      1.00000    0.0190000
      1.43567      1.00000    0.0190000
      1.48133      1.00000    0.0190000
      1.52700      1.00000    0.0190000
      1.57267      1.00000    0.0190000
      1.61833      1.00000    0.0190000
      1.66400      1.00000    0.0190000
      1.70967      1.00000    0.0190000
      1.75533      1.00000    0.0190000
      1.80100      1.00000    0.0190000
      1.84667      1.00000    0.0190000
      1.89233      1.00000    0.0190000
      1.93800      1.00000    0.0190000
      1.98367      1.00000    0.0190000
      2.02933      1.00000    0.0190000
      2.07500      1.00000    0.0190000
      2.12067      1.00000    0.0190000
      2.16633      1.00000    0.0190000
      2.21200      1.00000    0.0190000
      2.25767      1.00000    0.0190000
      2.30333      1.00000    0.0190000
      2.34900      1.00000    0.0190000
      2.39467      1.00000    0.0190000
      2.44033      1.00000    0.0190000
      2.48600      1.00000    0.0190000
      2.53167      1.00000    0.0190000
      2.57733      1.00000    0.0190000
      2.62300      1.00000    0.0190000
      2.66867      1.00000    0.0190000
      2.71433      1.00000    0.0190000
      2.76000      1.00000    0.0190000
      2.80567      1.00000    0.0190000
      2.85133      1.00000    0.0190000
      2.89700      1.00000    0.0190000
      2.94267      1.00000    0.0190000
      2.98833      1.00000    0.0190000
      3.03400      1.00000    0.0190000
      3.07967      1.00000    0.0190000
      3.12533      1.00000    0.0190000
      3.17100      1.00000    0.0190000
      3.21667      1.00000    0.0190000
      3.26233      1.00000    0.0190000
      3.30800      1.00000    0.0190000
      3.35367      1.00000    0.0190000
      3.39933      1.00000    0.0190000
      3.44500      1.00000    0.0190000
      3.49067      1.00000    0.0190000
      3.53633      1.00000    0.0190000
      3.58200      1.00000    0.0190000
      3.62767      1.00000    0.0190000
      3.67333      1.00000    0.0190000
      3.71900      1.00000    0.0190000
      3.76467      1.00000    0.0190000
      3.81033      1.00000    0.0190000
      3.85600      1.00000    0.0190000
      3.90167      1.00000    0.0190000
      3.94733      1.00000    0.0190000
      3.99300      1.00000    0.0190000
      4.03867      1.00000    0.0190000
      4.08433      1.00000    0.0190000
      4.13000      1.00000    0.0190000
      4.17567      1.00000    0.0190000
      4.22133      1.00000    0.0190000
      4.26700      1.00000    0.0190000
      4.31267      1.00000    0.0190000
      4.35833      1.00000    0.0190000
      4.40400      1.00000    0.0190000
      4.44967      1.00000    0.0190000
      4.49533      1.00000    0.0190000
      4.54100      1.00000    0.0190000
      4.58667      1.00000    0.0190000
      4.63233      1.00000    0.0190000
      4.67800      1.00000    0.0190000
      4.72367      1.00000    0.0190000
      4.76933      1.00000    0.0190000
      4.81500      1.00000    0.0190000
      4.86067      1.00000    0.0190000
      4.90633      1.00000    0.0190000
      4.95200      1.00000    0.0190000
      4.99767      1.00000    0.0190000
      5.04333      1.00000    0.0190000
      5.08900      1.00000    0.0190000
      5.13467      1.00000    0.0190000
      5.18033      1.00000    0.0190000
      5.22600      1.00000    0.0190000
      5.27167      1.00000    0.0190000
      5.31733      1.00000    0.0190000
      5.36300      1.00000    0.0190000
      5.40867      1.00000    0.0190000
      5.45433      1.00000    0.0190000
      5.50000      1.00000    0.0190000
      5.54567      1.00000    0.0190000
      5.59133      1.00000    0.0190000
      5.63700      1.00000    0.0190000
      5.68267      1.00000    0.0190000
      5.72833      1.00000    0.0190000
      5.77400      1.00000    0.0190000
      5.81967      1.00000    0.0190000
      5.86533      1.00000    0.0190000
      5.91100      1.00000    0.0190000
      5.95667      1.00000    0.0190000
      6.00233      1.00000    0.0190000
      6.04800      1.00000    0.0190000
      6.09367      1.00000    0.0190000
      6.13933      1.00000    0.0190000
      6.18500      1.00000    0.0190000
      6.23067      1.00000    0.0190000
      6.27633      1.00000    0.0190000
      6.32200      1.00000    0.0190000
      6.36767      1.00000    0.0190000
      6.41333      1.00000    0.0190000
      6.45900      1.00000    0.0190000
      6.50467      1.00000    0.0190000
      6.55033      1.00000    0.0190000
      6.59600      1.00000    0.0190000
      6.64167      1.00000    0.0190000
      6.68733      1.00000    0.0190000
      6.73300      1.00000    0.0190000
      6.77867      1.00000    0.0190000
      6.82433      1.00000    0.0190000
      6.87000      1.00000    0.0190000
      6.91567      1.00000    0.0190000
      6.96133      1.00000    0.0190000
      7.00700      1.00000    0.0190000
      7.05267      1.00000    0.0190000
      7.09833      1.00000    0.0190000
      7.14400      1.00000    0.0190000
      7.18967      1.00000    0.0190000
      7.23533      1.00000    0.0190000
      7.28100      1.00000    0.0190000
      7.32667      1.00000    0.0190000
      7.37233      1.00000    0.0190000
      7.41800      1.00000    0.0190000
      7.46367      1.00000    0.0190000
      7.50933      1.00000    0.0190000
      7.55500      1.00000    0.0190000
      7.60067      1.00000    0.0190000
      7.64633      1.00000    0.0190000
      7.69200      1.00000    0.0190000
      7.73767      1.00000    0.0190000
      7.78333      1.00000    0.0190000
      7.82900      1.00000    0.0190000
      7.87467      1.00000    0.0190000
      7.92033      1.00000    0.0190000
      7.96600      1.00000    0.0190000
      8.01167      1.00000    0.0190000
      8.05733      1.00000    0.0190000
      8.10300      1.00000    0.0190000
      8.14867      1.00000    0.0190000
      8.19433      1.00000    0.0190000
      8.24000      1.00000    0.0190000
      8.28567      1.00000    0.0190000
      8.33133      1.00000    0.0190000
      8.37700      1.00000    0.0190000
      8.42267      1.00000    0.0190000
      8.46833      1.00000    0.0190000
      8.51400      1.00000    0.0190000
      8.55967      1.00000    0.0190000
      8.60533      1.00000    0.0190000
      8.65100      1.00000    0.0190000
      8.69667      1.00000    0.0190000
      8.74233      1.00000    0.0190000
      8.78800      1.00000    0.0190000
      8.83367      1.00000    0.0190000
      8.87933      1.00000    0.0190000
      8.92500      1.00000    0.0190000
      8.97067      1.00000    0.0190000
      9.01633      1.00000    0.0190000
      9.06200      1.00000    0.0190000
      9.10767      1.00000    0.0190000
      9.15333      1.00000    0.0190000
      9.19900      1.00000    0.0190000
      9.24467      1.00000    0.0190000
      9.29033      1.00000    0.0190000
      9.33600      1.00000    0.0190000
      9.38167      1.00000    0.0190000
      9.42733      1.00000    0.0190000
      9.47300      1.00000    0.0190000
      9.51867      1.00000    0.0190000
      9.56433      1.00000    0.0190000
      9.61000      1.00000    0.0190000
      9.65567      1.00000    0.0190000
      9.70133      1.00000    0.0190000
      9.74700      1.00000    0.0190000
      9.79267      1.00000    0.0190000
      9.83833      1.00000    0.0190000
      9.88400      1.00000    0.0190000
      9.92967      1.00000    0.0190000
      9.97533      1.00000    0.0190000
      10.0210      0.00000    0.0190000
      10.0667      0.00000    0.0190000
      10.1123      0.00000    0.0190000
      10.1580      0.00000    0.0190000
      10.2037      0.00000    0.0190000
      10.2493      0.00000    0.0190000
      10.2950      0.00000    0.0190000
      10.3407      0.00000    0.0190000
      10.3863      0.00000    0.0190000
      10.4320      0.00000    0.0190000
      10.4777      0.00000    0.0190000
      10.5233      0.00000    0.0190000
      10.5690      0.00000    0.0190000
      10.6147      0.00000    0.0190000
      10.6603      0.00000    0.0190000
      10.7060      0.00000    0.0190000
      10.7517      0.00000    0.0190000
      10.7973      0.00000    0.0190000
      10.8430      0.00000    0.0190000
      10.8887      0.00000    0.0190000
      10.9343      0.00000    0.0190000
      10.9800      0.00000    0.0190000
      11.0257      0.00000    0.0190000
      11.0713      0.00000    0.0190000
      11.1170      0.00000    0.0190000
      11.1627      0.00000    0.0190000
      11.2083      0.00000    0.0190000
      11.2540      0.00000    0.0190000
      11.2997      0.00000    0.0190000
      11.3453      0.00000    0.0190000
      11.3910      0.00000    0.0190000
      11.4367      0.00000    0.0190000
      11.4823      0.00000    0.0190000
      11.5280      0.00000    0.0190000
      11.5737      0.00000    0.0190000
      11.6193      0.00000    0.0190000
      11.6650      0.00000    0.0190000
      11.7107      0.00000    0.0190000
      11.7563      0.00000    0.0190000
      11.8020      0.00000    0.0190000
      11.8477      0.00000    0.0190000
      11.8933      0.00000    0.0190000
      11.9390      0.00000    0.0190000
      11.9847      0.00000    0.0190000
      12.0303      0.00000    0.0190000
      12.0760      0.00000    0.0190000
      12.1217      0.00000    0.0190000
      12.1673      0.00000    0.0190000
      12.2130      0.00000    0.0190000
      12.2587      0.00000    0.0190000
      12.3043      0.00000    0.0190000
      12.3500      0.00000    0.0190000
      12.3957      0.00000    0.0190000
      12.4413      0.00000    0.0190000
      12.4870      0.00000    0.0190000
      12.5327      0.00000    0.0190000
      12.5783      0.00000    0.0190000
      12.6240      0.00000    0.0190000
      12.6697      0.00000    0.0190000
      12.7153      0.00000    0.0190000
      12.7610      0.00000    0.0190000
      12.8067      0.00000    0.0190000
      12.8523      0.00000    0.0190000
      12.8980      0.00000    0.0190000
      12.9437      0.00000    0.0190000
      12.9893      0.00000    0.0190000
      13.0350      0.00000    0.0190000
      13.0807      0.00000    0.0190000
      13.1263      0.00000    0.0190000
      13.1720      0.00000    0.0190000
      13.2177      0.00000    0.0190000
      13.2633      0.00000    0.0190000
      13.3090      0.00000    0.0190000
      13.3547      0.00000    0.0190000
      13.4003      0.00000    0.0190000
      13.4460      0.00000    0.0190000
      13.4917      0.00000    0.0190000
      13.5373      0.00000    0.0190000
      13.5830      0.00000    0.0190000
      13.6287      0.00000    0.0190000
      13.6743      0.00000    0.0190000
